0.050140 0.810007
0.050400 0.804859
0.050660 0.799201
0.050920 0.793259
0.051180 0.787118
0.051440 0.780660
0.051700 0.773633
0.051960 0.765795
0.052220 0.757053
0.052480 0.747493
0.052740 0.737308
0.053000 0.726640
0.053260 0.715468
0.053520 0.703593
0.053780 0.690742
0.054040 0.676720
0.054300 0.661512
0.054560 0.645276
0.054820 0.628227
0.055080 0.610498
0.055340 0.592053
0.055600 0.572742
0.055860 0.552443
0.056120 0.531210
0.056380 0.509350
0.056640 0.487371
0.056900 0.465863
0.057160 0.445383
0.057420 0.426430
0.057680 0.409516
0.057940 0.395250
0.058200 0.384376
0.058460 0.377689
0.058720 0.375858
0.058980 0.379239
0.059240 0.387759
0.059500 0.400909
0.059760 0.417869
0.060020 0.437696
0.060280 0.459510
0.060540 0.482606
0.060800 0.506464
0.061060 0.530677
0.061320 0.554871
0.061580 0.578658
0.061840 0.601666
0.062100 0.623606
0.062360 0.644323
0.062620 0.663804
0.062880 0.682120
0.063140 0.699349
0.063400 0.715530
0.063660 0.730643
0.063920 0.744654
0.064180 0.757555
0.064440 0.769396
0.064700 0.780277
0.064960 0.790317
0.065220 0.799608
0.065480 0.808201
0.065740 0.816105
0.066000 0.823318
0.066260 0.829854
0.066520 0.835756
0.066780 0.841093
0.067040 0.845936
0.067300 0.850334
0.067560 0.854305
0.067820 0.857844
0.068080 0.860939
0.068340 0.863589
0.068600 0.865816
0.068860 0.867654
0.069120 0.869139
0.069380 0.870289
0.069640 0.871098
0.069900 0.871545
0.070160 0.871601
0.070420 0.871250
0.070680 0.870491
0.070940 0.869333
0.071200 0.867782
0.071460 0.865830
0.071720 0.863444
0.071980 0.860577
0.072240 0.857175
0.072500 0.853194
0.072760 0.848601
0.073020 0.843370
0.073280 0.837469
0.073540 0.830847
0.073800 0.823423
0.074060 0.815098
0.074320 0.805766
0.074580 0.795326
0.074840 0.783689
0.075100 0.770771
0.075360 0.756475
0.075620 0.740678
0.075880 0.723228
0.076140 0.703952
0.076400 0.682681
0.076660 0.659276
0.076920 0.633627
0.077180 0.605654
0.077440 0.575288
0.077700 0.542461
0.077960 0.507115
0.078220 0.469240
0.078480 0.428903
0.078740 0.386278
0.079000 0.341636
0.079260 0.295315
0.079520 0.247683
0.079780 0.199118
0.080040 0.150013
0.080300 0.100793
0.080560 0.051927
0.080820 0.004479
0.081080 0.043140
0.081340 0.088376
0.081600 0.131801
0.081860 0.173233
0.082120 0.212561
0.082380 0.249704
0.082640 0.284602
0.082900 0.317224
0.083160 0.347587
0.083420 0.375762
0.083680 0.401864
0.083940 0.426021
0.084200 0.448358
0.084460 0.468976
0.084720 0.487961
0.084980 0.505398
0.085240 0.521380
0.085500 0.536018
0.085760 0.549429
0.086020 0.561720
0.086280 0.572975
0.086540 0.583259
0.086800 0.592620
0.087060 0.601105
0.087320 0.608769
0.087580 0.615677
0.087840 0.621896
0.088100 0.627481
0.088360 0.632469
0.088620 0.636884
0.088880 0.640738
0.089140 0.644050
0.089400 0.646848
0.089660 0.649166
0.089920 0.651041
0.090180 0.652499
0.090440 0.653552
0.090700 0.654202
0.090960 0.654445
0.091220 0.654281
0.091480 0.653723
0.091740 0.652786
0.092000 0.651486
0.092260 0.649835
0.092520 0.647836
0.092780 0.645486
0.093040 0.642782
0.093300 0.639725
0.093560 0.636317
0.093820 0.632561
0.094080 0.628450
0.094340 0.623974
0.094600 0.619117
0.094860 0.613871
0.095120 0.608233
0.095380 0.602210
0.095640 0.595807
0.095900 0.589024
0.096160 0.581850
0.096420 0.574262
0.096680 0.566241
0.096940 0.557775
0.097200 0.548865
0.097460 0.539520
0.097720 0.529746
0.097980 0.519539
0.098240 0.508883
0.098500 0.497760
0.098760 0.486157
0.099020 0.474078
0.099280 0.461540
0.099540 0.448565
0.099800 0.435171
0.100060 0.421364
0.100320 0.407146
0.100580 0.392525
0.100840 0.377532
0.101100 0.362220
0.101360 0.346659
0.101620 0.330926
0.101880 0.315094
0.102140 0.299241
0.102400 0.283468
0.102660 0.267914
0.102920 0.252770
0.103180 0.238274
0.103440 0.224700
0.103700 0.212347
0.103960 0.201537
0.104220 0.192626
0.104480 0.185984
0.104740 0.181958
0.105000 0.180799
0.105260 0.182593
0.105520 0.187236
0.105780 0.194471
0.106040 0.203963
0.106300 0.215351
0.106560 0.228291
0.106820 0.242453
0.107080 0.257533
0.107340 0.273253
0.107600 0.289381
0.107860 0.305734
0.108120 0.322176
0.108380 0.338604
0.108640 0.354928
0.108900 0.371061
0.109160 0.386922
0.109420 0.402443
0.109680 0.417574
0.109940 0.432288
0.110200 0.446573
0.110460 0.460419
0.110720 0.473810
0.110980 0.486724
0.111240 0.499142
0.111500 0.511054
0.111760 0.522464
0.112020 0.533386
0.112280 0.543833
0.112540 0.553814
0.112800 0.563330
0.113060 0.572379
0.113320 0.580961
0.113580 0.589085
0.113840 0.596769
0.114100 0.604032
0.114360 0.610889
0.114620 0.617350
0.114880 0.623416
0.115140 0.629088
0.115400 0.634371
0.115660 0.639280
0.115920 0.643833
0.116180 0.648044
0.116440 0.651922
0.116700 0.655470
0.116960 0.658684
0.117220 0.661564
0.117480 0.664116
0.117740 0.666352
0.118000 0.668286
0.118260 0.669926
0.118520 0.671276
0.118780 0.672329
0.119040 0.673079
0.119300 0.673524
0.119560 0.673667
0.119820 0.673517
0.120080 0.673081
0.120340 0.672361
0.120600 0.671350
0.120860 0.670037
0.121120 0.668412
0.121380 0.666471
0.121640 0.664216
0.121900 0.661651
0.122160 0.658775
0.122420 0.655583
0.122680 0.652058
0.122940 0.648186
0.123200 0.643954
0.123460 0.639355
0.123720 0.634390
0.123980 0.629057
0.124240 0.623348
0.124500 0.617249
0.124760 0.610737
0.125020 0.603794
0.125280 0.596407
0.125540 0.588571
0.125800 0.580283
0.126060 0.571539
0.126320 0.562324
0.126580 0.552618
0.126840 0.542397
0.127100 0.531648
0.127360 0.520364
0.127620 0.508546
0.127880 0.496195
0.128140 0.483306
0.128400 0.469864
0.128660 0.455853
0.128920 0.441258
0.129180 0.426075
0.129440 0.410306
0.129700 0.393952
0.129960 0.377016
0.130220 0.359501
0.130480 0.341429
0.130740 0.322856
0.131000 0.303885
0.131260 0.284657
0.131520 0.265332
0.131780 0.246071
0.132040 0.227026
0.132300 0.208364
0.132560 0.190310
0.132820 0.173197
0.133080 0.157505
0.133340 0.143877
0.133600 0.133075
0.133860 0.125889
0.134120 0.122955
0.134380 0.124554
0.134640 0.130494
0.134900 0.140189
0.135160 0.152846
0.135420 0.167668
0.135680 0.183969
0.135940 0.201224
0.136200 0.219059
0.136460 0.237224
0.136720 0.255537
0.136980 0.273843
0.137240 0.292002
0.137500 0.309893
0.137760 0.327422
0.138020 0.344540
0.138280 0.361226
0.138540 0.377476
0.138800 0.393277
0.139060 0.408599
0.139320 0.423403
0.139580 0.437658
0.139840 0.451359
0.140100 0.464527
0.140360 0.477194
0.140620 0.489387
0.140880 0.501109
0.141140 0.512343
0.141400 0.523069
0.141660 0.533281
0.141920 0.543003
0.142180 0.552281
0.142440 0.561160
0.142700 0.569668
0.142960 0.577795
0.143220 0.585513
0.143480 0.592792
0.143740 0.599628
0.144000 0.606061
0.144260 0.612161
0.144520 0.618004
0.144780 0.623639
0.145040 0.629064
0.145300 0.634236
0.145560 0.639088
0.145820 0.643570
0.146080 0.647665
0.146340 0.651406
0.146600 0.654855
0.146860 0.658076
0.147120 0.661112
0.147380 0.663971
0.147640 0.666634
0.147900 0.669073
0.148160 0.671270
0.148420 0.673226
0.148680 0.674961
0.148940 0.676502
0.149200 0.677866
0.149460 0.679057
0.149720 0.680068
0.149980 0.680885
0.150240 0.681504
0.150500 0.681928
0.150760 0.682171
0.151020 0.682245
0.151280 0.682158
0.151540 0.681909
0.151800 0.681491
0.152060 0.680895
0.152320 0.680121
0.152580 0.679173
0.152840 0.678060
0.153100 0.676787
0.153360 0.675358
0.153620 0.673768
0.153880 0.672010
0.154140 0.670079
0.154400 0.667977
0.154660 0.665707
0.154920 0.663274
0.155180 0.660682
0.155440 0.657929
0.155700 0.655011
0.155960 0.651922
0.156220 0.648660
0.156480 0.645227
0.156740 0.641626
0.157000 0.637862
0.157260 0.633936
0.157520 0.629846
0.157780 0.625587
0.158040 0.621159
0.158300 0.616561
0.158560 0.611798
0.158820 0.606874
0.159080 0.601794
0.159340 0.596560
0.159600 0.591171
0.159860 0.585629
0.160120 0.579934
0.160380 0.574093
0.160640 0.568112
0.160900 0.562002
0.161160 0.555766
0.161420 0.549412
0.161680 0.542944
0.161940 0.536366
0.162200 0.529686
0.162460 0.522916
0.162720 0.516063
0.162980 0.509140
0.163240 0.502154
0.163500 0.495111
0.163760 0.488013
0.164020 0.480863
0.164280 0.473664
0.164540 0.466415
0.164800 0.459114
0.165060 0.451748
0.165320 0.444296
0.165580 0.436728
0.165840 0.428998
0.166100 0.421051
0.166360 0.412812
0.166620 0.404186
0.166880 0.395051
0.167140 0.385251
0.167400 0.374594
0.167660 0.362849
0.167920 0.349747
0.168180 0.334978
0.168440 0.318216
0.168700 0.299119
0.168960 0.277383
0.169220 0.252781
0.169480 0.225246
0.169740 0.194958
0.170000 0.162464
0.170260 0.128898
0.170520 0.096511
0.170780 0.070367
0.171040 0.060998
0.171300 0.074448
0.171560 0.100559
0.171820 0.130331
0.172080 0.160215
0.172340 0.188901
0.172600 0.215893
0.172860 0.241051
0.173120 0.264395
0.173380 0.286032
0.173640 0.306105
0.173900 0.324770
0.174160 0.342176
0.174420 0.358455
0.174680 0.373724
0.174940 0.388084
0.175200 0.401627
0.175460 0.414436
0.175720 0.426588
0.175980 0.438150
0.176240 0.449173
0.176500 0.459700
0.176760 0.469762
0.177020 0.479387
0.177280 0.488606
0.177540 0.497449
0.177800 0.505945
0.178060 0.514119
0.178320 0.521983
0.178580 0.529549
0.178840 0.536823
0.179100 0.543813
0.179360 0.550536
0.179620 0.557010
0.179880 0.563250
0.180140 0.569266
0.180400 0.575060
0.180660 0.580630
0.180920 0.585977
0.181180 0.591110
0.181440 0.596041
0.181700 0.600787
0.181960 0.605356
0.182220 0.609752
0.182480 0.613967
0.182740 0.617997
0.183000 0.621842
0.183260 0.625514
0.183520 0.629029
0.183780 0.632402
0.184040 0.635638
0.184300 0.638730
0.184560 0.641663
0.184820 0.644430
0.185080 0.647034
0.185340 0.649497
0.185600 0.651845
0.185860 0.654095
0.186120 0.656247
0.186380 0.658277
0.186640 0.660150
0.186900 0.661836
0.187160 0.663330
0.187420 0.664655
0.187680 0.665858
0.187940 0.666987
0.188200 0.668073
0.188460 0.669116
0.188720 0.670088
0.188980 0.670950
0.189240 0.671668
0.189500 0.672233
0.189760 0.672656
0.190020 0.672964
0.190280 0.673180
0.190540 0.673314
0.190800 0.673360
0.191060 0.673301
0.191320 0.673125
0.191580 0.672827
0.191840 0.672414
0.192100 0.671902
0.192360 0.671299
0.192620 0.670609
0.192880 0.669822
0.193140 0.668928
0.193400 0.667921
0.193660 0.666801
0.193920 0.665577
0.194180 0.664257
0.194440 0.662846
0.194700 0.661341
0.194960 0.659733
0.195220 0.658016
0.195480 0.656186
0.195740 0.654247
0.196000 0.652208
0.196260 0.650073
0.196520 0.647842
0.196780 0.645509
0.197040 0.643069
0.197300 0.640515
0.197560 0.637849
0.197820 0.635078
0.198080 0.632206
0.198340 0.629235
0.198600 0.626163
0.198860 0.622982
0.199120 0.619689
0.199380 0.616282
0.199640 0.612764
0.199900 0.609144
0.200160 0.605422
0.200420 0.601598
0.200680 0.597670
0.200940 0.593629
0.201200 0.589476
0.201460 0.585211
0.201720 0.580841
0.201980 0.576371
0.202240 0.571802
0.202500 0.567131
0.202760 0.562353
0.203020 0.557465
0.203280 0.552470
0.203540 0.547371
0.203800 0.542175
0.204060 0.536884
0.204320 0.531498
0.204580 0.526012
0.204840 0.520426
0.205100 0.514735
0.205360 0.508945
0.205620 0.503064
0.205880 0.497093
0.206140 0.491035
0.206400 0.484886
0.206660 0.478641
0.206920 0.472300
0.207180 0.465865
0.207440 0.459341
0.207700 0.452734
0.207960 0.446044
0.208220 0.439269
0.208480 0.432406
0.208740 0.425451
0.209000 0.418405
0.209260 0.411274
0.209520 0.404063
0.209780 0.396776
0.210040 0.389412
0.210300 0.381969
0.210560 0.374442
0.210820 0.366837
0.211080 0.359159
0.211340 0.351419
0.211600 0.343625
0.211860 0.335784
0.212120 0.327900
0.212380 0.319978
0.212640 0.312030
0.212900 0.304077
0.213160 0.296148
0.213420 0.288272
0.213680 0.280482
0.213940 0.272809
0.214200 0.265282
0.214460 0.257930
0.214720 0.250785
0.214980 0.243879
0.215240 0.237255
0.215500 0.230953
0.215760 0.225022
0.216020 0.219516
0.216280 0.214498
0.216540 0.210037
0.216800 0.206205
0.217060 0.203061
0.217320 0.200656
0.217580 0.199030
0.217840 0.198208
0.218100 0.198209
0.218360 0.199041
0.218620 0.200700
0.218880 0.203166
0.219140 0.206400
0.219400 0.210352
0.219660 0.214964
0.219920 0.220179
0.220180 0.225941
0.220440 0.232195
0.220700 0.238886
0.220960 0.245955
0.221220 0.253343
0.221480 0.260997
0.221740 0.268871
0.222000 0.276930
0.222260 0.285141
0.222520 0.293474
0.222780 0.301898
0.223040 0.310384
0.223300 0.318901
0.223560 0.327432
0.223820 0.335963
0.224080 0.344485
0.224340 0.352988
0.224600 0.361461
0.224860 0.369892
0.225120 0.378265
0.225380 0.386573
0.225640 0.394813
0.225900 0.402986
0.226160 0.411092
0.226420 0.419127
0.226680 0.427085
0.226940 0.434957
0.227200 0.442738
0.227460 0.450424
0.227720 0.458022
0.227980 0.465534
0.228240 0.472960
0.228500 0.480297
0.228760 0.487534
0.229020 0.494664
0.229280 0.501686
0.229540 0.508603
0.229800 0.515420
0.230060 0.522141
0.230320 0.528764
0.230580 0.535277
0.230840 0.541673
0.231100 0.547943
0.231360 0.554091
0.231620 0.560125
0.231880 0.566056
0.232140 0.571886
0.232400 0.577608
0.232660 0.583204
0.232920 0.588658
0.233180 0.593959
0.233440 0.599112
0.233700 0.604134
0.233960 0.609048
0.234220 0.613872
0.234480 0.618608
0.234740 0.623248
0.235000 0.627772
0.235260 0.632161
0.235520 0.636405
0.235780 0.640507
0.236040 0.644479
0.236300 0.648333
0.236560 0.652077
0.236820 0.655714
0.237080 0.659238
0.237340 0.662643
0.237600 0.665926
0.237860 0.669089
0.238120 0.672138
0.238380 0.675079
0.238640 0.677916
0.238900 0.680648
0.239160 0.683274
0.239420 0.685790
0.239680 0.688198
0.239940 0.690501
0.240200 0.692703
0.240460 0.694807
0.240720 0.696816
0.240980 0.698729
0.241240 0.700544
0.241500 0.702261
0.241760 0.703881
0.242020 0.705408
0.242280 0.706845
0.242540 0.708195
0.242800 0.709456
0.243060 0.710629
0.243320 0.711712
0.243580 0.712707
0.243840 0.713614
0.244100 0.714438
0.244360 0.715180
0.244620 0.715839
0.244880 0.716417
0.245140 0.716911
0.245400 0.717321
0.245660 0.717650
0.245920 0.717898
0.246180 0.718067
0.246440 0.718158
0.246700 0.718170
0.246960 0.718102
0.247220 0.717953
0.247480 0.717725
0.247740 0.717416
0.248000 0.717030
0.248260 0.716566
0.248520 0.716023
0.248780 0.715401
0.249040 0.714698
0.249300 0.713914
0.249560 0.713050
0.249820 0.712105
