0.050140 -0.600455
0.050400 -0.630874
0.050660 -0.661712
0.050920 -0.693154
0.051180 -0.725578
0.051440 -0.759377
0.051700 -0.794776
0.051960 -0.831767
0.052220 -0.870188
0.052480 -0.909919
0.052740 -0.951048
0.053000 -0.993926
0.053260 -1.039056
0.053520 -1.086895
0.053780 -1.137700
0.054040 -1.191505
0.054300 -1.248271
0.054560 -1.308100
0.054820 -1.371404
0.055080 -1.438903
0.055340 -1.511465
0.055600 -1.589875
0.055860 -1.674690
0.056120 -1.766294
0.056380 -1.865100
0.056640 -1.971804
0.056900 -2.087497
0.057160 -2.213520
0.057420 -2.351089
0.057680 -2.500804
0.057940 -2.662267
0.058200 -2.833871
0.058460 -3.012875
0.058720 3.087467
0.058980 2.904662
0.059240 2.725555
0.059500 2.553192
0.059760 2.389801
0.060020 2.236807
0.060280 2.094878
0.060540 1.964001
0.060800 1.843580
0.061060 1.732614
0.061320 1.629947
0.061580 1.534507
0.061840 1.445462
0.062100 1.362234
0.062360 1.284397
0.062620 1.211553
0.062880 1.143250
0.063140 1.078979
0.063400 1.018235
0.063660 0.960596
0.063920 0.905764
0.064180 0.853544
0.064440 0.803795
0.064700 0.756363
0.064960 0.711048
0.065220 0.667620
0.065480 0.625848
0.065740 0.585546
0.066000 0.546584
0.066260 0.508882
0.066520 0.472378
0.066780 0.436992
0.067040 0.402616
0.067300 0.369122
0.067560 0.336380
0.067820 0.304289
0.068080 0.272780
0.068340 0.241809
0.068600 0.211341
0.068860 0.181325
0.069120 0.151685
0.069380 0.122334
0.069640 0.093180
0.069900 0.064150
0.070160 0.035193
0.070420 0.006277
0.070680 -0.022633
0.070940 -0.051582
0.071200 -0.080640
0.071460 -0.109890
0.071720 -0.139418
0.071980 -0.169300
0.072240 -0.199588
0.072500 -0.230327
0.072760 -0.261559
0.073020 -0.293345
0.073280 -0.325772
0.073540 -0.358943
0.073800 -0.392965
0.074060 -0.427933
0.074320 -0.463920
0.074580 -0.500985
0.074840 -0.539190
0.075100 -0.578619
0.075360 -0.619384
0.075620 -0.661616
0.075880 -0.705441
0.076140 -0.750956
0.076400 -0.798216
0.076660 -0.847239
0.076920 -0.898040
0.077180 -0.950647
0.077440 -1.005115
0.077700 -1.061495
0.077960 -1.119799
0.078220 -1.179944
0.078480 -1.241752
0.078740 -1.304978
0.079000 -1.369379
0.079260 -1.434801
0.079520 -1.501231
0.079780 -1.568860
0.080040 -1.638282
0.080300 -1.711487
0.080560 -1.798782
0.080820 -2.381821
0.081080 1.318407
0.081340 1.229327
0.081600 1.161755
0.081860 1.100730
0.082120 1.043359
0.082380 0.988658
0.082640 0.936235
0.082900 0.885961
0.083160 0.837816
0.083420 0.791785
0.083680 0.747800
0.083940 0.705729
0.084200 0.665406
0.084460 0.626675
0.084720 0.589422
0.084980 0.553582
0.085240 0.519112
0.085500 0.485965
0.085760 0.454066
0.086020 0.423310
0.086280 0.393583
0.086540 0.364785
0.086800 0.336844
0.087060 0.309720
0.087320 0.283385
0.087580 0.257807
0.087840 0.232932
0.088100 0.208691
0.088360 0.185010
0.088620 0.161829
0.088880 0.139111
0.089140 0.116840
0.089400 0.095006
0.089660 0.073592
0.089920 0.052562
0.090180 0.031869
0.090440 0.011461
0.090700 -0.008699
0.090960 -0.028629
0.091220 -0.048334
0.091480 -0.067813
0.091740 -0.087073
0.092000 -0.106132
0.092260 -0.125017
0.092520 -0.143755
0.092780 -0.162363
0.093040 -0.180853
0.093300 -0.199232
0.093560 -0.217508
0.093820 -0.235699
0.094080 -0.253822
0.094340 -0.271890
0.094600 -0.289902
0.094860 -0.307844
0.095120 -0.325698
0.095380 -0.343451
0.095640 -0.361107
0.095900 -0.378681
0.096160 -0.396184
0.096420 -0.413617
0.096680 -0.430952
0.096940 -0.448147
0.097200 -0.465152
0.097460 -0.481931
0.097720 -0.498466
0.097980 -0.514741
0.098240 -0.530730
0.098500 -0.546372
0.098760 -0.561573
0.099020 -0.576214
0.099280 -0.590173
0.099540 -0.603338
0.099800 -0.615604
0.100060 -0.626843
0.100320 -0.636874
0.100580 -0.645445
0.100840 -0.652234
0.101100 -0.656873
0.101360 -0.658967
0.101620 -0.658090
0.101880 -0.653749
0.102140 -0.645329
0.102400 -0.632045
0.102660 -0.612943
0.102920 -0.586943
0.103180 -0.552933
0.103440 -0.509861
0.103700 -0.456829
0.103960 -0.393244
0.104220 -0.319061
0.104480 -0.235157
0.104740 -0.143708
0.105000 -0.048227
0.105260 0.046917
0.105520 0.137455
0.105780 0.220062
0.106040 0.292759
0.106300 0.354770
0.106560 0.406185
0.106820 0.447623
0.107080 0.480034
0.107340 0.504520
0.107600 0.522222
0.107860 0.534211
0.108120 0.541407
0.108380 0.544559
0.108640 0.544267
0.108900 0.541034
0.109160 0.535309
0.109420 0.527504
0.109680 0.517986
0.109940 0.507060
0.110200 0.494962
0.110460 0.481864
0.110720 0.467905
0.110980 0.453211
0.111240 0.437912
0.111500 0.422135
0.111760 0.405989
0.112020 0.389555
0.112280 0.372888
0.112540 0.356020
0.112800 0.338980
0.113060 0.321804
0.113320 0.304538
0.113580 0.287228
0.113840 0.269906
0.114100 0.252589
0.114360 0.235278
0.114620 0.217970
0.114880 0.200668
0.115140 0.183385
0.115400 0.166138
0.115660 0.148946
0.115920 0.131811
0.116180 0.114727
0.116440 0.097679
0.116700 0.080654
0.116960 0.063651
0.117220 0.046674
0.117480 0.029737
0.117740 0.012842
0.118000 -0.004017
0.118260 -0.020855
0.118520 -0.037692
0.118780 -0.054542
0.119040 -0.071405
0.119300 -0.088279
0.119560 -0.105156
0.119820 -0.122040
0.120080 -0.138941
0.120340 -0.155882
0.120600 -0.172878
0.120860 -0.189941
0.121120 -0.207069
0.121380 -0.224255
0.121640 -0.241496
0.121900 -0.258801
0.122160 -0.276186
0.122420 -0.293668
0.122680 -0.311265
0.122940 -0.328975
0.123200 -0.346795
0.123460 -0.364713
0.123720 -0.382727
0.123980 -0.400847
0.124240 -0.419088
0.124500 -0.437465
0.124760 -0.455981
0.125020 -0.474623
0.125280 -0.493371
0.125540 -0.512207
0.125800 -0.531124
0.126060 -0.550122
0.126320 -0.569206
0.126580 -0.588369
0.126840 -0.607586
0.127100 -0.626810
0.127360 -0.645992
0.127620 -0.665085
0.127880 -0.684052
0.128140 -0.702864
0.128400 -0.721473
0.128660 -0.739807
0.128920 -0.757758
0.129180 -0.775187
0.129440 -0.791933
0.129700 -0.807808
0.129960 -0.822565
0.130220 -0.835865
0.130480 -0.847231
0.130740 -0.856036
0.131000 -0.861517
0.131260 -0.862808
0.131520 -0.858951
0.131780 -0.848849
0.132040 -0.831121
0.132300 -0.803900
0.132560 -0.764641
0.132820 -0.710049
0.133080 -0.636304
0.133340 -0.539839
0.133600 -0.418813
0.133860 -0.275378
0.134120 -0.117387
0.134380 0.042375
0.134640 0.190473
0.134900 0.317579
0.135160 0.420235
0.135420 0.499544
0.135680 0.558859
0.135940 0.602052
0.136200 0.632594
0.136460 0.653241
0.136720 0.666063
0.136980 0.672610
0.137240 0.674113
0.137500 0.671601
0.137760 0.665947
0.138020 0.657859
0.138280 0.647865
0.138540 0.636323
0.138800 0.623478
0.139060 0.609528
0.139320 0.594676
0.139580 0.579142
0.139840 0.563135
0.140100 0.546816
0.140360 0.530278
0.140620 0.513549
0.140880 0.496635
0.141140 0.479561
0.141400 0.462392
0.141660 0.445226
0.141920 0.428153
0.142180 0.411223
0.142440 0.394425
0.142700 0.377708
0.142960 0.361025
0.143220 0.344369
0.143480 0.327792
0.143740 0.311389
0.144000 0.295249
0.144260 0.279408
0.144520 0.263828
0.144780 0.248407
0.145040 0.233030
0.145300 0.217617
0.145560 0.202159
0.145820 0.186722
0.146080 0.171408
0.146340 0.156315
0.146600 0.141486
0.146860 0.126903
0.147120 0.112506
0.147380 0.098220
0.147640 0.083993
0.147900 0.069818
0.148160 0.055715
0.148420 0.041722
0.148680 0.027859
0.148940 0.014125
0.149200 0.000495
0.149460 -0.013062
0.149720 -0.026566
0.149980 -0.040019
0.150240 -0.053411
0.150500 -0.066726
0.150760 -0.079956
0.151020 -0.093111
0.151280 -0.106208
0.151540 -0.119264
0.151800 -0.132289
0.152060 -0.145281
0.152320 -0.158231
0.152580 -0.171132
0.152840 -0.183982
0.153100 -0.196792
0.153360 -0.209574
0.153620 -0.222337
0.153880 -0.235085
0.154140 -0.247814
0.154400 -0.260516
0.154660 -0.273186
0.154920 -0.285827
0.155180 -0.298446
0.155440 -0.311052
0.155700 -0.323649
0.155960 -0.336235
0.156220 -0.348804
0.156480 -0.361348
0.156740 -0.373865
0.157000 -0.386357
0.157260 -0.398829
0.157520 -0.411286
0.157780 -0.423726
0.158040 -0.436144
0.158300 -0.448534
0.158560 -0.460885
0.158820 -0.473199
0.159080 -0.485476
0.159340 -0.497719
0.159600 -0.509932
0.159860 -0.522109
0.160120 -0.534246
0.160380 -0.546336
0.160640 -0.558379
0.160900 -0.570376
0.161160 -0.582336
0.161420 -0.594271
0.161680 -0.606186
0.161940 -0.618091
0.162200 -0.629997
0.162460 -0.641915
0.162720 -0.653872
0.162980 -0.665902
0.163240 -0.678049
0.163500 -0.690367
0.163760 -0.702915
0.164020 -0.715764
0.164280 -0.728997
0.164540 -0.742720
0.164800 -0.757063
0.165060 -0.772187
0.165320 -0.788279
0.165580 -0.805557
0.165840 -0.824271
0.166100 -0.844712
0.166360 -0.867220
0.166620 -0.892189
0.166880 -0.920078
0.167140 -0.951415
0.167400 -0.986795
0.167660 -1.026890
0.167920 -1.072451
0.168180 -1.124328
0.168440 -1.183476
0.168700 -1.251013
0.168960 -1.328275
0.169220 -1.417029
0.169480 -1.519852
0.169740 -1.641066
0.170000 -1.788892
0.170260 -1.980713
0.170520 -2.256604
0.170780 -2.704108
0.171040 2.900849
0.171300 2.275814
0.171560 1.892872
0.171820 1.657387
0.172080 1.494848
0.172340 1.371903
0.172600 1.273171
0.172860 1.190748
0.173120 1.120145
0.173380 1.058554
0.173640 1.004083
0.173900 0.955369
0.174160 0.911383
0.174420 0.871325
0.174680 0.834574
0.174940 0.800639
0.175200 0.769131
0.175460 0.739729
0.175720 0.712158
0.175980 0.686177
0.176240 0.661573
0.176500 0.638170
0.176760 0.615826
0.177020 0.594431
0.177280 0.573896
0.177540 0.554140
0.177800 0.535084
0.178060 0.516646
0.178320 0.498757
0.178580 0.481360
0.178840 0.464415
0.179100 0.447899
0.179360 0.431790
0.179620 0.416059
0.179880 0.400671
0.180140 0.385585
0.180400 0.370772
0.180660 0.356211
0.180920 0.341898
0.181180 0.327834
0.181440 0.314013
0.181700 0.300417
0.181960 0.287020
0.182220 0.273794
0.182480 0.260724
0.182740 0.247810
0.183000 0.235061
0.183260 0.222488
0.183520 0.210085
0.183780 0.197833
0.184040 0.185701
0.184300 0.173667
0.184560 0.161725
0.184820 0.149892
0.185080 0.138192
0.185340 0.126641
0.185600 0.115228
0.185860 0.103916
0.186120 0.092654
0.186380 0.081405
0.186640 0.070168
0.186900 0.058978
0.187160 0.047900
0.187420 0.036990
0.187680 0.026273
0.187940 0.015727
0.188200 0.005291
0.188460 -0.005109
0.188720 -0.015525
0.188980 -0.025973
0.189240 -0.036424
0.189500 -0.046835
0.189760 -0.057163
0.190020 -0.067393
0.190280 -0.077539
0.190540 -0.087632
0.190800 -0.097701
0.191060 -0.107757
0.191320 -0.117791
0.191580 -0.127782
0.191840 -0.137714
0.192100 -0.147585
0.192360 -0.157408
0.192620 -0.167200
0.192880 -0.176978
0.193140 -0.186739
0.193400 -0.196474
0.193660 -0.206171
0.193920 -0.215820
0.194180 -0.225425
0.194440 -0.235000
0.194700 -0.244557
0.194960 -0.254099
0.195220 -0.263623
0.195480 -0.273118
0.195740 -0.282573
0.196000 -0.291987
0.196260 -0.301367
0.196520 -0.310723
0.196780 -0.320061
0.197040 -0.329381
0.197300 -0.338673
0.197560 -0.347927
0.197820 -0.357136
0.198080 -0.366302
0.198340 -0.375435
0.198600 -0.384539
0.198860 -0.393618
0.199120 -0.402662
0.199380 -0.411662
0.199640 -0.420608
0.199900 -0.429495
0.200160 -0.438332
0.200420 -0.447123
0.200680 -0.455869
0.200940 -0.464568
0.201200 -0.473206
0.201460 -0.481773
0.201720 -0.490260
0.201980 -0.498670
0.202240 -0.507007
0.202500 -0.515274
0.202760 -0.523469
0.203020 -0.531579
0.203280 -0.539589
0.203540 -0.547492
0.203800 -0.555281
0.204060 -0.562961
0.204320 -0.570534
0.204580 -0.577999
0.204840 -0.585340
0.205100 -0.592548
0.205360 -0.599605
0.205620 -0.606502
0.205880 -0.613238
0.206140 -0.619816
0.206400 -0.626232
0.206660 -0.632475
0.206920 -0.638525
0.207180 -0.644361
0.207440 -0.649968
0.207700 -0.655335
0.207960 -0.660461
0.208220 -0.665336
0.208480 -0.669944
0.208740 -0.674256
0.209000 -0.678241
0.209260 -0.681865
0.209520 -0.685102
0.209780 -0.687934
0.210040 -0.690336
0.210300 -0.692273
0.210560 -0.693698
0.210820 -0.694546
0.211080 -0.694750
0.211340 -0.694249
0.211600 -0.692982
0.211860 -0.690886
0.212120 -0.687881
0.212380 -0.683864
0.212640 -0.678707
0.212900 -0.672269
0.213160 -0.664412
0.213420 -0.655005
0.213680 -0.643931
0.213940 -0.631079
0.214200 -0.616332
0.214460 -0.599561
0.214720 -0.580634
0.214980 -0.559409
0.215240 -0.535757
0.215500 -0.509548
0.215760 -0.480668
0.216020 -0.449020
0.216280 -0.414573
0.216540 -0.377362
0.216800 -0.337561
0.217060 -0.295437
0.217320 -0.251379
0.217580 -0.205856
0.217840 -0.159376
0.218100 -0.112489
0.218360 -0.065778
0.218620 -0.019841
0.218880 0.024754
0.219140 0.067492
0.219400 0.107987
0.219660 0.145962
0.219920 0.181243
0.220180 0.213747
0.220440 0.243426
0.220700 0.270299
0.220960 0.294425
0.221220 0.315918
0.221480 0.334931
0.221740 0.351641
0.222000 0.366223
0.222260 0.378832
0.222520 0.389609
0.222780 0.398692
0.223040 0.406218
0.223300 0.412333
0.223560 0.417179
0.223820 0.420884
0.224080 0.423550
0.224340 0.425259
0.224600 0.426083
0.224860 0.426091
0.225120 0.425361
0.225380 0.423969
0.225640 0.421985
0.225900 0.419461
0.226160 0.416434
0.226420 0.412930
0.226680 0.408976
0.226940 0.404608
0.227200 0.399867
0.227460 0.394793
0.227720 0.389416
0.227980 0.383753
0.228240 0.377811
0.228500 0.371593
0.228760 0.365117
0.229020 0.358405
0.229280 0.351488
0.229540 0.344387
0.229800 0.337116
0.230060 0.329671
0.230320 0.322050
0.230580 0.314253
0.230840 0.306294
0.231100 0.298201
0.231360 0.289999
0.231620 0.281704
0.231880 0.273312
0.232140 0.264811
0.232400 0.256182
0.232660 0.247426
0.232920 0.238560
0.233180 0.229623
0.233440 0.220656
0.233700 0.211684
0.233960 0.202711
0.234220 0.193716
0.234480 0.184668
0.234740 0.175539
0.235000 0.166323
0.235260 0.157032
0.235520 0.147697
0.235780 0.138344
0.236040 0.128992
0.236300 0.119647
0.236560 0.110297
0.236820 0.100931
0.237080 0.091543
0.237340 0.082136
0.237600 0.072722
0.237860 0.063310
0.238120 0.053908
0.238380 0.044513
0.238640 0.035122
0.238900 0.025729
0.239160 0.016335
0.239420 0.006940
0.239680 -0.002446
0.239940 -0.011821
0.240200 -0.021184
0.240460 -0.030536
0.240720 -0.039881
0.240980 -0.049222
0.241240 -0.058561
0.241500 -0.067892
0.241760 -0.077213
0.242020 -0.086524
0.242280 -0.095823
0.242540 -0.105117
0.242800 -0.114407
0.243060 -0.123695
0.243320 -0.132980
0.243580 -0.142260
0.243840 -0.151536
0.244100 -0.160807
0.244360 -0.170076
0.244620 -0.179346
0.244880 -0.188620
0.245140 -0.197898
0.245400 -0.207181
0.245660 -0.216464
0.245920 -0.225753
0.246180 -0.235046
0.246440 -0.244349
0.246700 -0.253663
0.246960 -0.262991
0.247220 -0.272331
0.247480 -0.281685
0.247740 -0.291053
0.248000 -0.300437
0.248260 -0.309838
0.248520 -0.319261
0.248780 -0.328707
0.249040 -0.338179
0.249300 -0.347674
0.249560 -0.357194
0.249820 -0.366741
