        Frequency / MHz                S1,1 (Mesh Pass=5)/arg,degrees
----------------------------------------------------------------------
                      40                      0.83560092
               40.259998                     -0.23838323
                   40.52                      -1.3409971
               40.779999                      -2.5098593
               41.040001                      -3.7543463
               41.299999                      -5.0475264
               41.560001                      -6.3431268
                   41.82                      -7.6085271
               42.080002                      -8.8525659
                   42.34                      -10.125104
               42.599998                      -11.478596
               42.860001                       -12.90624
               43.119999                      -14.288012
               43.380001                       -15.37207
               43.639999                      -15.807567
               43.900002                       -15.24632
                   44.16                      -13.530153
               44.419998                       -10.90947
                   44.68                      -8.0820637
               44.939999                      -5.8724248
               45.200001                      -4.7885464
               45.459999                      -4.8699198
               45.720001                      -5.8427438
                   45.98                      -7.3376565
               46.240002                      -9.0343773
                    46.5                      -10.727836
               46.759998                      -12.338592
                   47.02                      -13.882219
               47.279999                      -15.414295
               47.540001                      -16.977449
               47.799999                      -18.575048
               48.060001                      -20.177967
                   48.32                       -21.75141
               48.580002                      -23.281111
                   48.84                      -24.783171
               49.099998                      -26.293443
               49.360001                      -27.845599
               49.619999                       -29.45321
               49.880001                      -31.106811
               50.139999                       -32.78583
               50.400002                      -34.476118
                   50.66                      -36.181628
               50.919998                       -37.92359
                   51.18                      -39.728787
               51.439999                       -41.61544
               51.700001                      -43.585962
               51.959999                       -45.63082
               52.220001                      -47.739554
                   52.48                       -49.91225
               52.740002                      -52.163478
                      53                      -54.517722
               53.259998                      -56.998924
                   53.52                      -59.622095
               53.779999                      -62.391408
               54.040001                        -65.3063
               54.299999                       -68.37078
               54.560001                      -71.600546
                   54.82                      -75.024101
               55.080002                      -78.677208
                   55.34                      -82.595272
               55.599998                       -86.80831
               55.860001                      -91.341725
               56.119999                      -96.222407
               56.380001                      -101.48656
               56.639999                      -107.18466
               56.900002                        -113.381
                   57.16                      -120.14678
               57.419998                      -127.54922
                   57.68                      -135.63818
               57.939999                      -144.43207
               58.200001                      -153.90301
               58.459999                      -163.96246
               58.720001                       -174.4537
                   58.98                       174.84033
               59.240002                       164.16889
                    59.5                       153.77192
               59.759998                       143.84275
                   60.02                       134.50889
               60.279999                       125.83286
               60.540001                       117.82471
               60.799999                       110.45773
               61.060001                       103.68251
                   61.32                       97.438321
               61.580002                       91.663014
                   61.84                       86.300031
               62.099998                       81.302601
               62.360001                       76.634302
               62.619999                       72.266096
               62.880001                       68.172299
               63.139999                       64.327232
               63.400002                       60.704224
                   63.66                       57.277271
               63.919998                       54.023863
                   64.18                       50.927029
               64.440002                        47.97535
               64.699997                       45.160408
               64.959999                       42.473715
               65.220001                       39.904634
               65.480003                       37.440002
               65.739998                       35.066616
                      66                       32.773642
               66.260002                       30.554241
               66.519997                       28.404752
               66.779999                       26.322611
               67.040001                        24.30358
               67.300003                       22.340883
               67.559998                       20.425835
                   67.82                       18.550265
               68.080002                       16.708517
               68.339996                       14.898134
               68.599998                       13.118189
               68.860001                       11.367474
               69.120003                       9.6423046
               69.379997                        7.936724
               69.639999                        6.243985
               69.900002                       4.5585951
               70.160004                       2.8774939
               70.419998                        1.199863
                   70.68                     -0.47481747
               70.940002                      -2.1486782
               71.199997                      -3.8261725
               71.459999                      -5.5134477
               71.720001                      -7.2165141
               71.980003                      -8.9396341
               72.239998                       -10.68494
                    72.5                      -12.453576
               72.760002                      -14.247457
               73.019997                      -16.070624
               73.279999                      -17.929174
               73.540001                      -19.830043
               73.800003                      -21.779462
               74.059998                      -23.781636
                   74.32                      -25.839518
               74.580002                      -27.955756
               74.839996                      -30.134613
               75.099998                      -32.382428
               75.360001                       -34.70696
               75.620003                      -37.116024
               75.879997                      -39.615926
               76.139999                      -42.210878
               76.400002                      -44.903806
               76.660004                      -47.697518
               76.919998                      -50.596031
                   77.18                       -53.60459
               77.440002                      -56.728721
               77.699997                      -59.972621
               77.959999                      -63.337994
               78.220001                      -66.823712
               78.480003                      -70.427539
               78.739998                      -74.148598
                      79                      -77.990962
               79.260002                      -81.968508
               79.519997                       -86.11274
               79.779999                      -90.490509
               80.040001                      -95.252134
               80.300003                      -100.78888
               80.559998                      -108.43628
                   80.82                      -126.52006
               81.080002                       119.81221
               81.339996                       85.248937
               81.599998                       76.135498
               81.860001                       70.524089
               82.120003                       66.086595
               82.379997                       62.223332
               82.639999                        58.71245
               82.900002                       55.454776
               83.160004                        52.40026
               83.419998                        49.52038
                   83.68                       46.795301
               83.940002                       44.208625
               84.199997                       41.745494
               84.459999                       39.393069
               84.720001                       37.141182
               84.980003                       34.982735
               85.239998                       32.913022
                    85.5                       30.927622
               85.760002                         29.0214
               86.019997                       27.188014
               86.279999                        25.42025
               86.540001                       23.711664
               86.800003                       22.057449
               87.059998                       20.454702
                   87.32                       18.901573
               87.580002                       17.395761
               87.839996                       15.934046
               88.099998                       14.511946
               88.360001                       13.124981
               88.620003                       11.769488
               88.879997                       10.443503
               89.139999                       9.1460948
               89.400002                       7.8767722
               89.660004                       6.6340058
               89.919998                       5.4152819
                   90.18                       4.2172116
               90.440002                       3.0370096
               90.699997                       1.8729817
               90.959999                      0.72479963
               91.220001                     -0.40737252
               91.480003                      -1.5238081
               91.739998                       -2.625927
                      92                       -3.715916
               92.260002                       -4.796288
               92.519997                      -5.8684091
               92.779999                      -6.9326075
               93.040001                       -7.988227
               93.300003                      -9.0347757
               93.559998                      -10.072637
                   93.82                       -11.10323
               94.080002                      -12.128304
               94.339996                      -13.149172
               94.599998                       -14.16605
               94.860001                      -15.178121
               95.120003                      -16.184015
               95.379997                      -17.183192
               95.639999                      -18.175865
               95.900002                      -19.163074
               96.160004                      -20.145689
               96.419998                      -21.123336
                   96.68                       -22.09448
               96.940002                      -23.056825
               97.199997                      -24.008135
               97.459999                       -24.94704
               97.720001                      -25.872724
               97.980003                      -26.784524
               98.239998                      -27.680536
                    98.5                      -28.557314
               98.760002                       -29.40983
               99.019997                      -30.232786
               99.279999                      -31.020553
               99.540001                      -31.768268
               99.800003                      -32.470411
                  100.06                      -33.120098
                  100.32                      -33.707767
                  100.58                      -34.221072
                  100.84                      -34.645088
                   101.1                      -34.963431
                  101.36                      -35.158227
                  101.62                       -35.20959
                  101.88                      -35.093969
                  102.14                      -34.782347
                   102.4                      -34.239049
                  102.66                      -33.422321
                  102.92                      -32.285668
                  103.18                      -30.780296
                  103.44                      -28.856913
                   103.7                      -26.468969
                  103.96                      -23.577066
                  104.22                      -20.158696
                  104.48                      -16.222648
                  104.74                        -11.8257
                     105                      -7.0823254
                  105.26                      -2.1596712
                  105.52                       2.7463718
                  105.78                       7.4453784
                  106.04                       11.782111
                   106.3                       15.651604
                  106.56                       19.000363
                  106.82                       21.817461
                  107.08                       24.123716
                  107.34                       25.960272
                   107.6                       27.378765
                  107.86                        28.43313
                  108.12                        29.17385
                  108.38                       29.645569
                  108.64                       29.886538
                   108.9                       29.929541
                  109.16                       29.803812
                  109.42                       29.535139
                  109.68                       29.146582
                  109.94                       28.657651
                   110.2                       28.084187
                  110.46                       27.438926
                  110.72                       26.732246
                  110.98                       25.973169
                  111.24                       25.170155
                   111.5                        24.33119
                  111.76                       23.463101
                  112.02                       22.571406
                  112.28                       21.660476
                  112.54                        20.73321
                   112.8                       19.792174
                  113.06                       18.839992
                  113.32                        17.87934
                  113.58                       16.912895
                  113.84                       15.942788
                   114.1                       14.970444
                  114.36                       13.996513
                  114.62                        13.02149
                  114.88                       12.045648
                  115.14                       11.069804
                   115.4                       10.094836
                  115.66                       9.1213426
                  115.92                       8.1496524
                  116.18                       7.1797113
                  116.44                       6.2112444
                   116.7                       5.2443086
                  116.96                       4.2791209
                  117.22                       3.3159548
                  117.48                       2.3550838
                  117.74                       1.3961253
                     118                      0.43842349
                  118.26                     -0.51900509
                  118.52                       -1.476707
                  118.78                      -2.4349005
                  119.04                      -3.3933127
                   119.3                      -4.3517792
                  119.56                       -5.310356
                  119.82                      -6.2695871
                  120.08                      -7.2304039
                  120.34                      -8.1937336
                   120.6                      -9.1601781
                  120.86                      -10.129682
                  121.12                      -11.102301
                  121.38                      -12.077817
                  121.64                      -13.056828
                   121.9                      -14.039939
                  122.16                      -15.028186
                  122.42                      -16.022169
                  122.68                      -17.022217
                  122.94                      -18.028224
                   123.2                       -19.03991
                  123.46                      -20.057554
                  123.72                      -21.081645
                  123.98                      -22.112894
                  124.24                      -23.151903
                   124.5                      -24.198833
                  124.76                      -25.253472
                  125.02                      -26.315318
                  125.28                      -27.384104
                  125.54                      -28.459725
                   125.8                        -29.5425
                  126.06                      -30.632273
                  126.32                      -31.728708
                  126.58                      -32.830988
                  126.84                      -33.937918
                   127.1                      -35.048016
                  127.36                      -36.160082
                  127.62                      -37.273236
                  127.88                      -38.385684
                  128.14                      -39.495672
               128.39999                      -40.600631
                  128.66                      -41.697942
                  128.92                      -42.784217
               129.17999                      -43.855791
                  129.44                       -44.90693
                   129.7                      -45.929384
               129.96001                      -46.909868
                  130.22                      -47.830522
                  130.48                      -48.667795
               130.74001                      -49.394966
                     131                      -49.982854
               131.25999                      -50.399823
                  131.52                      -50.611011
                  131.78                      -50.573418
               132.03999                      -50.230432
                   132.3                      -49.504686
                  132.56                      -48.290824
               132.82001                      -46.448801
                  133.08                      -43.800494
                  133.34                      -40.129186
               133.60001                      -35.197461
                  133.86                      -28.800249
                  134.12                       -20.88499
                  134.38                      -11.722975
                  134.64                      -2.0005552
               134.89999                       7.3593718
                  135.16                       15.586034
                  135.42                       22.315136
               135.67999                       27.548481
                  135.94                       31.479559
                   136.2                       34.351185
               136.46001                       36.386366
                  136.72                       37.767591
                  136.98                       38.638141
               137.24001                       39.109152
                   137.5                       39.267339
               137.75999                       39.179801
                  138.02                       38.898782
                  138.28                       38.463945
               138.53999                       37.905616
                   138.8                       37.247844
                  139.06                       36.509801
               139.32001                       35.707879
                  139.58                       34.855967
                  139.84                       33.965309
               140.10001                       33.045148
                  140.36                       32.102088
                  140.62                       31.141381
                  140.88                       30.167285
                  141.14                       29.183957
               141.39999                       28.195167
                  141.66                       27.204568
                  141.92                       26.214682
               142.17999                       25.227258
                  142.44                       24.243326
                   142.7                        23.26366
               142.96001                       22.289129
                  143.22                       21.320662
                  143.48                       20.359682
               143.74001                       19.407005
                     144                        18.46302
               144.25999                       17.527665
                  144.52                       16.600455
                  144.78                        15.68133
               145.03999                       14.770455
                   145.3                        13.86816
                  145.56                       12.974935
               145.82001                       12.090617
                  146.08                       11.215041
                  146.34                       10.347389
               146.60001                        9.487168
                  146.86                       8.6341583
                  147.12                       7.7885269
                  147.38                       6.9504344
                  147.64                       6.1199386
               147.89999                       5.2966548
                  148.16                       4.4798738
                  148.42                       3.6688848
               148.67999                       2.8633594
                  148.94                       2.0632436
                   149.2                       1.2688107
               149.46001                      0.48006029
                  149.72                     -0.30333508
                  149.98                      -1.0818673
               150.24001                      -1.8562468
                   150.5                      -2.6270202
               150.75999                      -3.3941869
                  151.02                      -4.1575289
                  151.28                      -4.9170462
               151.53999                      -5.6727379
                   151.8                      -6.4250425
                  152.06                      -7.1747784
               152.32001                      -7.9223291
                  152.58                      -8.6678575
                  152.84                      -9.4111464
               153.10001                      -10.151976
                  153.36                      -10.890237
                  153.62                      -11.626477
                  153.88                      -12.361023
                  154.14                      -13.094476
               154.39999                         -13.827
                  154.66                      -14.558431
                  154.92                      -15.288333
               155.17999                      -16.016596
                  155.44                      -16.743272
                   155.7                      -17.469021
               155.96001                      -18.194003
                  156.22                      -18.918771
                  156.48                      -19.642769
               156.74001                      -20.365732
                     157                       -21.08722
               157.25999                      -21.807174
                  157.52                      -22.525929
                  157.78                      -23.244026
               158.03999                      -23.961635
                   158.3                      -24.678367
                  158.56                       -25.39379
               158.82001                      -26.107299
                  159.08                       -26.81884
                  159.34                      -27.528523
               159.60001                      -28.236896
                  159.86                      -28.944232
                  160.12                      -29.650417
                  160.38                      -30.354965
                  160.64                      -31.057381
               160.89999                      -31.757559
                  161.16                       -32.45593
                  161.42                      -33.153431
               161.67999                      -33.851038
                  161.94                      -34.549196
                   162.2                      -35.248166
               162.46001                      -35.948345
                  162.72                      -36.650653
                  162.98                      -37.357004
               163.24001                      -38.070074
                   163.5                      -38.793092
               163.75999                      -39.529384
                  164.02                      -40.282014
                  164.28                      -41.054921
               164.53999                      -41.853291
                   164.8                      -42.683838
                  165.06                      -43.555643
               165.32001                      -44.479085
                  165.58                      -45.465582
                  165.84                      -46.527653
               166.10001                      -47.679715
                  166.36                      -48.938761
                  166.62                      -50.326001
                  166.88                      -51.866238
                  167.14                      -53.587934
               167.39999                       -55.52241
                  167.66                      -57.703315
                  167.92                      -60.167813
               168.17999                       -62.95759
                  168.44                      -66.120239
                   168.7                      -69.709861
               168.96001                      -73.787865
                  169.22                      -78.425564
                  169.48                      -83.714097
               169.74001                      -89.787665
                     170                      -96.875161
               170.25999                      -105.41568
                  170.52                      -116.32393
                  170.78                      -131.61421
               171.03999                      -155.42015
                   171.3                       169.14564
                  171.56                       134.15037
               171.82001                       111.18936
                  172.08                       96.900602
                  172.34                       87.148731
               172.60001                       79.883159
                  172.86                       74.124708
                  173.12                       69.364886
                  173.38                       65.314528
                  173.64                        61.79627
               173.89999                       58.693072
                  174.16                       55.923292
                  174.42                       53.426174
               174.67999                       51.154072
                  174.94                       49.069496
                   175.2                       47.142947
               175.46001                       45.351141
                  175.72                       43.676161
                  175.98                       42.102811
               176.24001                        40.61853
                   176.5                       39.211949
               176.75999                       37.872907
                  177.02                       36.592875
                  177.28                       35.365187
               177.53999                       34.184822
                   177.8                       33.047074
                  178.06                       31.948344
               178.32001                       30.884693
                  178.58                       29.852295
                  178.84                       28.847875
               179.10001                       27.868917
                  179.36                       26.913674
                  179.62                       25.980726
                  179.88                       25.068649
                  180.14                       24.175917
               180.39999                       23.300778
                  180.66                       22.441813
                  180.92                       21.597492
               181.17999                       20.767378
                  181.44                       19.950926
                   181.7                       19.147587
               181.96001                       18.356815
                  182.22                       17.577517
                  182.48                       16.808711
               182.74001                        16.04963
                     183                       15.300168
               183.25999                       14.559884
                  183.52                          13.829
                  183.78                       13.106857
               184.03999                       12.392911
                   184.3                       11.686724
                  184.56                       10.987422
               184.82001                       10.294786
                  185.08                       9.6090357
                  185.34                       8.9299504
               185.60001                       8.2575325
                  185.86                       7.5915608
                  186.12                       6.9310549
                  186.38                       6.2757941
                  186.64                       5.6253412
               186.89999                       4.9800248
                  187.16                        4.339517
                  187.42                       3.7042549
               187.67999                       3.0738009
                  187.94                       2.4478278
                   188.2                       1.8257887
               188.46001                       1.2074654
                  188.72                      0.59296695
                  188.98                     -0.01792515
               189.24001                     -0.62499236
                   189.5                      -1.2283439
               189.75999                      -1.8285265
                  190.02                       -2.425758
                  190.28                      -3.0202579
               190.53999                      -3.6119156
                   190.8                      -4.2008422
                  191.06                      -4.7867084
               191.32001                      -5.3698424
                  191.58                      -5.9504636
                  191.84                      -6.5287894
               192.10001                      -7.1051474
                  192.36                      -7.6795403
                  192.62                      -8.2518553
                  192.88                      -8.8218755
                  193.14                      -9.3896006
               193.39999                      -9.9554678
                  193.66                      -10.519368
                  193.92                      -11.081957
               194.17999                      -11.643017
                  194.44                      -12.202546
                   194.7                      -12.760108
               194.96001                      -13.315812
                  195.22                      -13.869768
                  195.48                      -14.422083
               195.74001                      -14.973308
                     196                       -15.52322
               196.25999                      -16.071821
                  196.52                      -16.618673
                  196.78                      -17.163668
               197.03999                      -17.706802
                   197.3                      -18.248412
                  197.56                      -18.788596
               197.82001                      -19.327361
                  198.08                      -19.864706
                  198.34                      -20.400413
               198.60001                      -20.933713
                  198.86                       -21.46483
                  199.12                      -21.993978
                  199.38                      -22.521159
                  199.64                      -23.046481
               199.89999                      -23.569839
                  200.16                       -24.09079
                  200.42                      -24.609012
               200.67999                      -25.124062
                  200.94                       -25.63627
                   201.2                      -26.145419
               201.46001                      -26.651838
                  201.72                      -27.155305
                  201.98                      -27.655384
               202.24001                      -28.151528
                   202.5                      -28.643195
               202.75999                      -29.130485
                  203.02                      -29.613625
                  203.28                      -30.092287
               203.53999                      -30.566576
                   203.8                      -31.035835
                  204.06                      -31.499521
               204.32001                      -31.956982
                  204.58                      -32.408322
                  204.84                      -32.852994
               205.10001                      -33.291547
                  205.36                      -33.723107
                  205.62                      -34.147778
                  205.88                      -34.564583
                  206.14                      -34.972539
               206.39999                       -35.37142
                  206.66                      -35.761014
                  206.92                      -36.141102
               207.17999                       -36.51135
                  207.44                      -36.871113
                   207.7                      -37.219398
               207.96001                      -37.555007
                  208.22                      -37.876956
                  208.48                      -38.184804
               208.74001                      -38.477792
                     209                       -38.75537
               209.25999                      -39.016341
                  209.52                      -39.258841
                  209.78                      -39.481008
               210.03999                       -39.68067
                   210.3                      -39.856287
                  210.56                      -40.006332
               210.82001                       -40.12873
                  211.08                      -40.220962
                  211.34                      -40.279434
               211.60001                      -40.300194
                  211.86                      -40.278775
                  212.12                      -40.211023
                  212.38                      -40.092449
                  212.64                      -39.917812
               212.89999                      -39.681108
                  213.16                      -39.374786
                  213.42                      -38.989784
               213.67999                      -38.516805
                  213.94                      -37.947442
                   214.2                      -37.273275
               214.46001                      -36.487312
                  214.72                      -35.581683
                  214.98                      -34.547755
               215.24001                      -33.375367
                   215.5                       -32.05337
               215.75999                      -30.570729
                  216.02                      -28.917493
                  216.28                      -27.085692
               216.53999                      -25.070842
                   216.8                      -22.872175
                  217.06                      -20.494723
               217.32001                      -17.950068
                  217.58                      -15.258209
                  217.84                      -12.447011
               218.10001                      -9.5512303
                  218.36                      -6.6100961
                  218.62                      -3.6646996
                  218.88                      -0.7563506
                  219.14                       2.0757192
               219.39999                       4.7955548
                  219.66                       7.3732138
                  219.92                        9.785855
               220.17999                       12.018945
                  220.44                        14.06516
                   220.7                       15.923299
               220.96001                        17.59664
                  221.22                       19.090976
                  221.48                       20.413739
               221.74001                       21.574982
                     222                        22.58552
               222.25999                       23.457598
                  222.52                       24.203456
                  222.78                       24.834237
               223.03999                       25.360107
                   223.3                       25.790027
                  223.56                       26.132847
               223.82001                       26.396328
                  224.08                       26.588776
                  224.34                       26.717403
               224.60001                       26.788983
                  224.86                       26.808543
                  225.12                       26.781005
                  225.38                       26.710082
                  225.64                       26.599702
               225.89999                       26.453593
                  226.16                       26.275682
                  226.42                       26.068917
               226.67999                       25.836035
                  226.94                       25.578782
                   227.2                        25.29869
               227.46001                       24.997397
                  227.72                        24.67676
                  227.98                        24.33864
               228.24001                       23.984453
                   228.5                       23.615951
               228.75999                       23.233569
                  229.02                       22.837855
                  229.28                       22.429574
               229.53999                        22.00938
                   229.8                       21.578696
                  230.06                       21.138286
               230.32001                        20.68924
                  230.58                       20.231674
                  230.84                       19.766126
               231.10001                       19.292495
                  231.36                       18.811431
                  231.62                       18.323592
                  231.88                       17.829852
                  232.14                       17.330866
               232.39999                        16.82707
                  232.66                       16.318249
                  232.92                       15.804837
               233.17999                       15.286727
                  233.44                       14.764681
                   233.7                       14.239357
               233.96001                       13.711301
                  234.22                       13.180731
                  234.48                       12.647978
               234.74001                       12.112382
                     235                       11.574601
               235.25999                       11.034523
                  235.52                       10.493026
                  235.78                       9.9505443
               236.03999                       9.4075165
                   236.3                       8.8636155
                  236.56                       8.3189485
               236.82001                       7.7732984
                  237.08                       7.2268838
                  237.34                       6.6800314
               237.60001                       6.1332884
                  237.86                       5.5868737
                  238.12                       5.0410051
                  238.38                       4.4951362
                  238.64                       3.9492671
               238.89999                       3.4031801
                  239.16                       2.8574207
                  239.42                       2.3120982
               239.67999                       1.7676502
                  239.94                        1.224295
                   240.2                      0.68137697
               240.46001                      0.13878671
                  240.72                     -0.40358491
                  240.98                     -0.94562873
               241.24001                      -1.4872355
                   241.5                      -2.0277493
               241.75999                      -2.5672794
                  242.02                      -3.1059357
                  242.28                      -3.6443731
               242.53999                      -4.1827011
                   242.8                      -4.7209202
                  243.06                      -5.2588113
               243.32001                      -5.7959371
                  243.58                      -6.3322985
                  243.84                      -6.8680043
               244.10001                      -7.4036001
                  244.36                      -7.9393055
                  244.62                      -8.4753384
                  244.88                      -9.0114813
                  245.14                      -9.5475141
               245.39999                      -10.083001
                  245.66                      -10.618269
                  245.92                      -11.153647
               246.17999                       -11.68968
                  246.44                      -12.226588
                   246.7                      -12.764042
               246.96001                      -13.302041
                  247.22                      -13.840042
                  247.48                      -14.378371
               247.74001                      -14.917245
                     248                      -15.457323
               248.25999                       -15.99871
                  248.52                      -16.541409
                  248.78                      -17.085203
               249.03999                      -17.629978
                   249.3                      -18.175518
                  249.56                      -18.722151
               249.82001                      -19.270534
                  250.08                      -19.820775
                  250.34                      -20.373199
               250.60001                      -20.927483
                  250.86                      -21.483516
                  251.12                      -22.040859
                  251.38                       -22.60006
                  251.64                      -23.161446
               251.89999                      -23.725456
                  252.16                      -24.292528
                  252.42                      -24.862218
               252.67999                      -25.434426
                  252.94                      -26.008925
                   253.2                      -26.585721
               253.46001                       -27.16525
                  253.72                      -27.748385
                  253.98                      -28.335125
               254.24001                       -28.92558
                   254.5                      -29.519313
               254.75999                      -30.116218
                  255.02                      -30.716185
                  255.28                      -31.319753
               255.53999                      -31.927258
                   255.8                       -32.53935
                  256.06                      -33.156036
               256.32001                      -33.777093
               256.57999                      -34.402189
                  256.84                      -35.031111
               257.10001                      -35.664191
               257.35999                      -36.302078
                  257.62                      -36.945318
                  257.88                       -37.59413
               258.14001                      -38.248297
               258.39999                      -38.907382
                  258.66                      -39.571169
               258.92001                      -40.239872
               259.17999                      -40.914039
                  259.44                      -41.594213
               259.70001                      -42.280839
               259.95999                      -42.974025
                  260.22                      -43.672998
               260.48001                      -44.377544
               260.73999                      -45.087666
                     261                      -45.803691
               261.26001                      -46.526596
               261.51999                      -47.256716
                  261.78                      -47.994157
               262.04001                      -48.738375
               262.29999                      -49.489148
                  262.56                      -50.245826
               262.82001                      -51.009059
               263.07999                      -51.779504
                  263.34                      -52.557706
               263.60001                      -53.344109
               263.85999                      -54.137942
                  264.12                      -54.938874
                  264.38                       -55.74626
               264.64001                      -56.560087
               264.89999                      -57.381242
                  265.16                      -58.210155
               265.42001                      -59.047591
               265.67999                      -59.892896
                  265.94                       -60.74541
               266.20001                      -61.604048
               266.45999                      -62.468803
                  266.72                      -63.339681
               266.98001                      -64.217988
               267.23999                      -65.104054
                   267.5                      -65.997334
               267.76001                      -66.896953
               268.01999                      -67.801596
                  268.28                      -68.710505
               268.54001                      -69.623344
               268.79999                      -70.540775
                  269.06                      -71.463671
               269.32001                      -72.391485
               269.57999                      -73.322795
                  269.84                      -74.255416
               270.10001                       -75.18727
               270.35999                      -76.116942
                  270.62                      -77.044646
                  270.88                      -77.969835
               271.14001                      -78.891748
               271.39999                      -79.806775
                  271.66                      -80.709562
               271.92001                      -81.593334
               272.17999                      -82.450768
                  272.44                      -83.273997
               272.70001                      -84.053185
               272.95999                      -84.773469
                  273.22                      -85.409059
               273.48001                      -85.916898
               273.73999                      -86.224748
                     274                      -86.205733
               274.26001                      -85.612873
               274.51999                      -83.876912
                  274.78                      -79.307132
               275.04001                      -64.245089
               275.29999                       4.8321644
                  275.56                       54.194435
               275.82001                       64.729316
               276.07999                        68.20692
                  276.34                       69.520612
               276.60001                       69.912502
               276.85999                       69.830977
                  277.12                       69.473184
                  277.38                       68.937371
               277.64001                       68.279378
               277.89999                       67.535049
                  278.16                       66.730179
               278.42001                       65.884004
               278.67999                        65.00941
                  278.94                       64.113727
               279.20001                       63.201104
               279.45999                       62.273072
                  279.72                       61.332691
               279.98001                       60.383459
               280.23999                       59.429637
                   280.5                        58.47505
               280.76001                       57.521554
               281.01999                       56.569592
                  281.28                       55.618175
               281.54001                       54.666972
               281.79999                       53.717084
                  282.06                       52.770257
               282.32001                       51.828893
               282.57999                       50.894085
                  282.84                       49.966058
               283.10001                       49.043924
               283.35999                        48.12649
                  283.62                       47.213651
                  283.88                       46.306493
               284.14001                       45.406659
               284.39999                       44.515237
                  284.66                       43.632558
               284.92001                       42.757855
               285.17999                        41.88982
                  285.44                       41.027796
               285.70001                       40.172109
               285.95999                       39.324181
                  286.22                       38.485107
               286.48001                       37.655323
               286.73999                       36.834061
                     287                       36.020557
               287.26001                       35.213611
               287.51999                       34.413111
                  287.78                       33.620045
               288.04001                       32.835612
               288.29999                        32.06025
                  288.56                       31.294176
               288.82001                       30.536079
               289.07999                       29.785088
                  289.34                       29.040539
               289.60001                       28.303317
               289.85999                       27.574618
                  290.12                       26.855207
                  290.38                       26.145742
               290.64001                       25.445237
               290.89999                       24.752931
                  291.16                       24.068492
               291.42001                       23.392357
               291.67999                       22.725949
                  291.94                       22.071016
               292.20001                       21.428542
               292.45999                       20.798743
                  292.72                       20.181293
               292.98001                       19.576522
               293.23999                        18.98552
                   293.5                       18.410691
               293.76001                       17.854877
               294.01999                        17.32081
                  294.28                       16.810459
               294.54001                       16.325243
               294.79999                       15.866582
                  295.06                       15.437098
               295.32001                       15.039527
               295.57999                       14.677253
                  295.84                       14.351809
               296.10001                       14.062646
               296.35999                       13.805831
                  296.62                       13.573823
                  296.88                        13.35635
               297.14001                       13.140188
               297.39999                       12.910038
                  297.66                       12.649289
               297.92001                       12.341329
               298.17999                       11.971954
                  298.44                       11.531652
               298.70001                       11.017803
               298.95999                       10.434341
                  299.22                       9.7906641
               299.48001                       9.0993393
               299.73999                        8.372716
                     300                       7.6219425

