        Frequency / MHz                S1,1 (Mesh Pass=5)/abs,dB
----------------------------------------------------------------------
                      40                      -1.4013714
               40.259998                      -1.4176792
                   40.52                      -1.4315912
               40.779999                      -1.4473508
               41.040001                       -1.472619
               41.299999                      -1.5141793
               41.560001                      -1.5740367
                   41.82                      -1.6487929
               42.080002                       -1.733454
                   42.34                      -1.8280935
               42.599998                      -1.9432359
               42.860001                      -2.0996643
               43.119999                      -2.3212026
               43.380001                      -2.6223608
               43.639999                      -2.9938092
               43.900002                       -3.389339
                   44.16                      -3.7230761
               44.419998                       -3.893282
                   44.68                      -3.8370443
               44.939999                      -3.5752718
               45.200001                      -3.1971627
               45.459999                      -2.8030471
               45.720001                      -2.4623725
                   45.98                      -2.2044181
               46.240002                      -2.0271769
                    46.5                      -1.9110476
               46.759998                      -1.8319733
                   47.02                      -1.7715561
               47.279999                      -1.7217671
               47.540001                      -1.6834505
               47.799999                      -1.6607897
               48.060001                      -1.6557514
                   48.32                      -1.6656117
               48.580002                      -1.6842237
                   48.84                      -1.7055577
               49.099998                      -1.7269324
               49.360001                      -1.7499084
               49.619999                      -1.7784858
               49.880001                      -1.8160848
               50.139999                      -1.8633512
               50.400002                      -1.9180267
                   50.66                      -1.9767186
               50.919998                      -2.0372846
                   51.18                      -2.1002518
               51.439999                       -2.168441
               51.700001                      -2.2452045
               51.959999                      -2.3325252
               52.220001                        -2.43019
                   52.48                       -2.536458
               52.740002                      -2.6496847
                      53                      -2.7698371
               53.259998                      -2.8989406
                   53.52                       -3.040255
               53.779999                      -3.1967943
               54.040001                      -3.3701615
               54.299999                      -3.5603781
               54.560001                      -3.7667405
                   54.82                      -3.9891186
               55.080002                      -4.2288532
                   55.34                      -4.4887208
               55.599998                      -4.7719708
               55.860001                      -5.0810109
               56.119999                       -5.416413
               56.380001                      -5.7766282
               56.639999                      -6.1583013
               56.900002                      -6.5567008
                   57.16                      -6.9656398
               57.419998                      -7.3765497
                   57.68                       -7.776905
               57.939999                      -8.1487627
               58.200001                      -8.4685434
               58.459999                       -8.709162
               58.720001                       -8.844888
                   58.98                       -8.857855
               59.240002                      -8.7435473
                    59.5                      -8.5123786
               59.759998                      -8.1864779
                   60.02                      -7.7935259
               60.279999                      -7.3606537
               60.540001                      -6.9104812
               60.799999                      -6.4597373
               61.060001                      -6.0197675
                   61.32                      -5.5979258
               61.580002                      -5.1989865
                   61.84                       -4.826065
               62.099998                        -4.48097
               62.360001                      -4.1642028
               62.619999                      -3.8749307
               62.880001                      -3.6112218
               63.139999                      -3.3705787
               63.400002                      -3.1505876
                   63.66                      -2.9493945
               63.919998                      -2.7658133
                   64.18                      -2.5990322
               64.440002                      -2.4481626
               64.699997                      -2.3119019
               64.959999                      -2.1885381
               65.220001                      -2.0762629
               65.480003                      -1.9736112
               65.739998                      -1.8797232
                      66                      -1.7942878
               66.260002                      -1.7171974
               66.519997                      -1.6481416
               66.779999                      -1.5863987
               67.040001                      -1.5309489
               67.300003                      -1.4808063
               67.559998                      -1.4353694
                   67.82                      -1.3945368
               68.080002                      -1.3585346
               68.339996                      -1.3275632
               68.599998                      -1.3015097
               68.860001                      -1.2798907
               69.120003                       -1.262074
               69.379997                      -1.2476085
               69.639999                      -1.2364492
               69.900002                       -1.228931
               70.160004                      -1.2255176
               70.419998                      -1.2264969
                   70.68                      -1.2318195
               70.940002                      -1.2411964
               71.199997                      -1.2543667
               71.459999                       -1.271368
               71.720001                      -1.2926335
               71.980003                      -1.3188549
               72.239998                      -1.3507109
                    72.5                      -1.3886545
               72.760002                      -1.4328894
               73.019997                       -1.483563
               73.279999                      -1.5410364
               73.540001                      -1.6060743
               73.800003                      -1.6798281
               74.059998                      -1.7636516
                   74.32                      -1.8588718
               74.580002                      -1.9666897
               74.839996                      -2.0882724
               75.099998                      -2.2250095
               75.360001                      -2.3787695
               75.620003                      -2.5520299
               75.879997                      -2.7478214
               76.139999                      -2.9695678
               76.400002                      -3.2209574
               76.660004                      -3.5059733
               76.919998                      -3.8291309
                   77.18                      -4.1958435
               77.440002                      -4.6127953
               77.699997                      -5.0882228
               77.959999                      -5.6321254
               78.220001                      -6.2565258
               78.480003                       -6.976014
               78.739998                      -7.8088648
                      79                      -8.7790844
               79.260002                      -9.9199695
               79.519997                      -11.280403
               79.779999                       -12.93694
               80.040001                      -15.020016
               80.300003                      -17.780995
               80.559998                      -21.809674
                   80.82                      -29.057282
               81.080002                      -33.509971
               81.339996                      -24.106643
               81.599998                      -19.532912
               81.860001                      -16.633499
               82.120003                       -14.54869
               82.379997                       -12.94686
               82.639999                      -11.665913
               82.900002                      -10.614282
               83.160004                      -9.7347376
               83.419998                      -8.9886979
                   83.68                      -8.3486715
               83.940002                      -7.7943959
               84.199997                      -7.3106915
               84.459999                       -6.886101
               84.720001                      -6.5118439
               84.980003                      -6.1809548
               85.239998                      -5.8876279
                    85.5                      -5.6268257
               85.760002                      -5.3941536
               86.019997                      -5.1859006
               86.279999                      -4.9990957
               86.540001                      -4.8314574
               86.800003                      -4.6811971
               87.059998                      -4.5467642
                   87.32                        -4.42665
               87.580002                      -4.3193351
               87.839996                      -4.2234027
               88.099998                       -4.137681
               88.360001                      -4.0613422
               88.620003                      -3.9938487
               88.879997                      -3.9347931
               89.139999                      -3.8837166
               89.400002                       -3.840034
               89.660004                      -3.8030847
               89.919998                      -3.7722846
                   90.18                      -3.7472564
               90.440002                      -3.7278633
               90.699997                      -3.7140985
               90.959999                       -3.705929
               91.220001                      -3.7031844
               91.480003                      -3.7055566
               91.739998                      -3.7127214
                      92                      -3.7244847
               92.260002                      -3.7408581
               92.519997                      -3.7620107
               92.779999                      -3.7881354
               93.040001                      -3.8193128
               93.300003                       -3.855471
               93.559998                      -3.8964604
                   93.82                       -3.942198
               94.080002                      -3.9927762
               94.339996                      -4.0484678
               94.599998                      -4.1096225
               94.860001                      -4.1765298
               95.120003                      -4.2493295
               95.379997                      -4.3280579
               95.639999                      -4.4127579
               95.900002                      -4.5036214
               96.160004                      -4.6010325
               96.419998                      -4.7055062
                   96.68                      -4.8175538
               96.940002                      -4.9375675
               97.199997                      -5.0658165
               97.459999                      -5.2025337
               97.720001                      -5.3480683
               97.980003                      -5.5029716
               98.239998                      -5.6679812
                    98.5                      -5.8438927
               98.760002                       -6.031429
               99.019997                      -6.2311759
               99.279999                      -6.4436401
               99.540001                      -6.6693976
               99.800003                      -6.9092154
                  100.06                      -7.1640789
                  100.32                      -7.4350797
                  100.58                      -7.7232415
                  100.84                      -8.0293754
                   101.1                      -8.3540643
                  101.36                      -8.6977517
                  101.62                      -9.0608579
                  101.88                      -9.4437634
                  102.14                      -9.8466071
                   102.4                      -10.268883
                  102.66                      -10.708963
                  102.92                      -11.163662
                  103.18                      -11.627911
                  103.44                       -12.09443
                   103.7                      -12.553292
                  103.96                      -12.991317
                  104.22                      -13.391568
                  104.48                      -13.733568
                  104.74                      -13.995041
                     105                      -14.155462
                  105.26                      -14.200594
                  105.52                      -14.126102
                  105.78                       -13.93844
                  106.04                      -13.652743
                   106.3                      -13.289094
                  106.56                      -12.868871
                  106.82                      -12.412124
                  107.08                      -11.936061
                  107.34                      -11.454367
                   107.6                      -10.977141
                  107.86                       -10.51126
                  108.12                      -10.061049
                  108.38                       -9.629055
                  108.64                      -9.2167174
                   108.9                      -8.8248132
                  109.16                      -8.4536554
                  109.42                      -8.1031431
                  109.68                      -7.7727715
                  109.94                       -7.461713
                   110.2                      -7.1689695
                  110.46                      -6.8935396
                  110.72                      -6.6345317
                  110.98                      -6.3911775
                  111.24                      -6.1627594
                   111.5                      -5.9485248
                  111.76                      -5.7476446
                  112.02                      -5.5592472
                  112.28                      -5.3825012
                  112.54                      -5.2166889
                   112.8                      -5.0612321
                  113.06                      -4.9156458
                  113.32                      -4.7794642
                  113.58                      -4.6521808
                  113.84                       -4.533249
                   114.1                      -4.4221264
                  114.36                      -4.3183352
                  114.62                      -4.2214948
                  114.88                      -4.1313123
                  115.14                      -4.0475249
                   115.4                      -3.9698597
                  115.66                       -3.898014
                  115.92                      -3.8316824
                  116.18                      -3.7706008
                  116.44                       -3.714567
                   116.7                      -3.6634365
                  116.96                      -3.6170717
                  117.22                      -3.5753027
                  117.48                      -3.5379245
                  117.74                      -3.5047222
                     118                      -3.4755284
                  118.26                      -3.4502608
                  118.52                      -3.4289162
                  118.78                      -3.4115176
                  119.04                      -3.3980589
                   119.3                      -3.3884753
                  119.56                      -3.3826509
                  119.82                      -3.3804812
                  120.08                      -3.3819246
                  120.34                      -3.3870268
                   120.6                      -3.3958917
                  120.86                      -3.4086248
                  121.12                       -3.425284
                  121.38                      -3.4458764
                  121.64                      -3.4703899
                   121.9                      -3.4988584
                  122.16                      -3.5313934
                  122.42                      -3.5681766
                  122.68                      -3.6094196
                  122.94                      -3.6553096
                   123.2                      -3.7059852
                  123.46                      -3.7615622
                  123.72                      -3.8221847
                  123.98                       -3.888066
                  124.24                      -3.9595066
                   124.5                       -4.036853
                  124.76                      -4.1204587
                  125.02                      -4.2106439
                  125.28                      -4.3077146
                  125.54                      -4.4119959
                   125.8                      -4.5238864
                  126.06                      -4.6438803
                  126.32                      -4.7725426
                  126.58                      -4.9104792
                  126.84                      -5.0582953
                   127.1                      -5.2166021
                  127.36                      -5.3860571
                  127.62                      -5.5674077
                  127.88                      -5.7615279
                  128.14                      -5.9694056
               128.39999                      -6.1921361
                  128.66                      -6.4309291
                  128.92                      -6.6871795
               129.17999                      -6.9625737
                  129.44                      -7.2591797
                   129.7                      -7.5794539
               129.96001                      -7.9261025
                  130.22                      -8.3018483
                  130.48                      -8.7091877
               130.74001                      -9.1502522
                     131                      -9.6268917
               131.25999                       -10.14095
                  131.52                      -10.694622
                  131.78                      -11.290711
               132.03999                      -11.932544
                   132.3                      -12.623397
                  132.56                      -13.365353
               132.82001                      -14.157449
                  133.08                      -14.992863
                  133.34                      -15.854553
               133.60001                      -16.708774
                  133.86                      -17.497204
                  134.12                      -18.133016
                  134.38                      -18.513546
                  134.64                      -18.559637
               134.89999                      -18.261806
                  135.16                      -17.687131
                  135.42                      -16.938467
               135.67999                      -16.109183
                  135.94                      -15.263894
                   136.2                      -14.440159
               136.46001                      -13.656971
                  136.72                      -12.922412
                  136.98                      -12.238666
               137.24001                      -11.604858
                   137.5                      -11.018522
               137.75999                       -10.47639
                  138.02                      -9.9748801
                  138.28                      -9.5104497
               138.53999                       -9.079843
                   138.8                      -8.6801869
                  139.06                      -8.3089747
               139.32001                      -7.9639553
                  139.58                      -7.6430309
                  139.84                      -7.3441991
               140.10001                      -7.0655846
                  140.36                      -6.8054981
                  140.62                      -6.5624856
                  140.88                      -6.3353152
                  141.14                      -6.1229151
               141.39999                      -5.9242792
                  141.66                      -5.7384192
                  141.92                      -5.5643632
               142.17999                      -5.4012037
                  142.44                      -5.2481566
                   142.7                      -5.1045741
               142.96001                      -4.9699162
                  143.22                       -4.843687
                  143.48                       -4.725372
               143.74001                      -4.6144381
                     144                      -4.5103585
               144.25999                      -4.4126683
                  144.52                      -4.3209987
                  144.78                       -4.235067
               145.03999                      -4.1546276
                   145.3                      -4.0794193
                  145.56                      -4.0091352
               145.82001                      -3.9434564
                  146.08                      -3.8820869
                  146.34                      -3.8248034
               146.60001                      -3.7714567
                  146.86                      -3.7219367
                  147.12                       -3.676122
                  147.38                      -3.6338469
                  147.64                      -3.5949085
               147.89999                      -3.5591072
                  148.16                      -3.5262954
                  148.42                      -3.4963933
               148.67999                      -3.4693644
                  148.94                      -3.4451761
                   149.2                      -3.4237509
               149.46001                      -3.4049645
                  149.72                      -3.3886794
                  149.98                      -3.3747919
               150.24001                      -3.3632574
                   150.5                      -3.3540865
               150.75999                      -3.3472965
                  151.02                      -3.3428721
                  151.28                      -3.3407488
               151.53999                      -3.3408305
                   151.8                      -3.3430394
                  152.06                      -3.3473541
               152.32001                      -3.3538091
                  152.58                      -3.3624595
                  152.84                      -3.3733357
               153.10001                       -3.386416
                  153.36                      -3.4016408
                  153.62                      -3.4189515
                  153.88                      -3.4383375
                  154.14                      -3.4598479
               154.39999                       -3.483565
                  154.66                      -3.5095544
                  154.92                      -3.5378325
               155.17999                      -3.5683664
                  155.44                      -3.6011133
                   155.7                      -3.6360678
               155.96001                      -3.6732836
                  156.22                      -3.7128626
                  156.48                      -3.7548964
               156.74001                      -3.7994328
                     157                      -3.8464595
               157.25999                      -3.8959413
                  157.52                      -3.9478681
                  157.78                      -4.0022916
               158.03999                      -4.0593154
                   158.3                      -4.1190484
                  158.56                      -4.1815557
               158.82001                       -4.246834
                  159.08                      -4.3148393
                  159.34                      -4.3855388
               159.60001                      -4.4589604
                  159.86                      -4.5351906
                  160.12                      -4.6143321
                  160.38                      -4.6964448
                  160.64                      -4.7815069
               160.89999                      -4.8694362
                  161.16                      -4.9601472
                  161.42                      -5.0536088
               161.67999                      -5.1498605
                  161.94                      -5.2489701
                   162.2                      -5.3509628
               162.46001                      -5.4557753
                  162.72                      -5.5632607
                  162.98                      -5.6732641
               163.24001                      -5.7856908
                   163.5                      -5.9005517
               163.75999                      -6.0179253
                  164.02                      -6.1378812
                  164.28                      -6.2604244
               164.53999                      -6.3855098
                   164.8                        -6.51314
                  165.06                       -6.643491
               165.32001                      -6.7770016
                  165.58                      -6.9143761
                  165.84                      -7.0565372
               166.10001                      -7.2045986
                  166.36                      -7.3599461
                  166.62                      -7.5244502
                  166.88                      -7.7007583
                  167.14                       -7.892555
               167.39999                      -8.1047559
                  167.66                      -8.3436476
                  167.92                      -8.6170976
               168.17999                      -8.9349623
                  168.44                      -9.3097437
                   168.7                       -9.757439
               168.96001                      -10.298487
                  169.22                       -10.95873
                  169.48                      -11.770575
               169.74001                      -12.774676
                     170                      -14.022603
               170.25999                      -15.580182
                  170.52                       -17.52603
                  170.78                      -19.910119
               171.03999                      -22.488587
                   171.3                      -23.891352
                  171.56                      -22.664713
               171.82001                      -20.305418
                  172.08                      -18.130279
                  172.34                      -16.356105
               172.60001                        -14.9243
                  172.86                      -13.754511
                  173.12                      -12.783369
                  173.38                      -11.964712
                  173.64                      -11.265017
               173.89999                      -10.659493
                  174.16                      -10.129431
                  174.42                       -9.660519
               174.67999                      -9.2417679
                  174.94                      -8.8647497
                   175.2                      -8.5229684
               175.46001                      -8.2113098
                  175.72                      -7.9256157
                  175.98                      -7.6623981
               176.24001                      -7.4187072
                   176.5                      -7.1921017
               176.75999                       -6.980618
                  177.02                      -6.7827053
                  177.28                      -6.5971004
               177.53999                      -6.4227063
                   177.8                      -6.2585037
                  178.06                      -6.1035453
               178.32001                      -5.9569931
                  178.58                      -5.8181574
                  178.84                      -5.6865067
               179.10001                      -5.5616134
                  179.36                      -5.4430857
                  179.62                      -5.3305194
                  179.88                      -5.2234917
                  180.14                      -5.1216024
               180.39999                      -5.0245191
                  180.66                      -4.9319979
                  180.92                      -4.8438582
               181.17999                      -4.7599332
                  181.44                      -4.6800272
                   181.7                      -4.6039068
               181.96001                       -4.531333
                  182.22                      -4.4621051
                  182.48                      -4.3960841
               182.74001                      -4.3331825
                     183                      -4.2733276
               183.25999                      -4.2164168
                  183.52                       -4.162306
                  183.78                       -4.110835
               184.03999                      -4.0618611
                   184.3                      -4.0152913
                  184.56                      -3.9710839
               184.82001                      -3.9292101
                  185.08                      -3.8896241
                  185.34                      -3.8522347
               185.60001                      -3.8169256
                  185.86                      -3.7835856
                  186.12                      -3.7521442
                  186.38                      -3.7225775
                  186.64                      -3.6948884
               186.89999                      -3.6690693
                  187.16                      -3.6450732
                  187.42                      -3.6228216
               187.67999                      -3.6022236
                  187.94                       -3.583218
                   188.2                      -3.5657796
               188.46001                      -3.5499168
                  188.72                      -3.5356357
                  188.98                       -3.522918
               189.24001                      -3.5117149
                   189.5                      -3.5019687
               189.75999                      -3.4936375
                  190.02                      -3.4867129
                  190.28                      -3.4812134
               190.53999                      -3.4771574
                   190.8                      -3.4745405
                  191.06                      -3.4733271
               191.32001                      -3.4734677
                  191.58                      -3.4749266
                  191.84                      -3.4777043
               192.10001                      -3.4818282
                  192.36                      -3.4873342
                  192.62                      -3.4942368
                  192.88                      -3.5025159
                  193.14                       -3.512135
               193.39999                      -3.5230612
                  193.66                      -3.5352966
                  193.92                      -3.5488733
               194.17999                      -3.5638399
                  194.44                      -3.5802289
                   194.7                       -3.598037
               194.96001                      -3.6172391
                  195.22                      -3.6378061
                  195.48                      -3.6597386
               195.74001                      -3.6830736
                     196                      -3.7078674
               196.25999                      -3.7341665
                  196.52                      -3.7619884
                  196.78                      -3.7913177
               197.03999                      -3.8221305
                   197.3                       -3.854427
                  197.56                      -3.8882417
               197.82001                      -3.9236385
                  198.08                       -3.960679
                  198.34                      -3.9993956
               198.60001                      -4.0397865
                  198.86                      -4.0818349
                  199.12                      -4.1255367
                  199.38                      -4.1709237
                  199.64                      -4.2180648
               199.89999                      -4.2670328
                  200.16                       -4.317878
                  200.42                      -4.3706141
               200.67999                      -4.4252263
                  200.94                      -4.4817113
                   201.2                       -4.540096
               201.46001                      -4.6004521
                  201.72                      -4.6628608
                  201.98                      -4.7273908
               202.24001                      -4.7940703
                   202.5                      -4.8628967
               202.75999                      -4.9338615
                  203.02                      -5.0069931
                  203.28                      -5.0823584
               203.53999                      -5.1600537
                   203.8                      -5.2401664
                  204.06                      -5.3227457
               204.32001                       -5.407803
                  204.58                      -5.4953368
                  204.84                      -5.5853739
               205.10001                      -5.6779887
                  205.36                      -5.7732919
                  205.62                       -5.871402
                  205.88                      -5.9724007
                  206.14                      -6.0763244
               206.39999                      -6.1831933
                  206.66                      -6.2930469
                  206.92                      -6.4059752
               207.17999                      -6.5221241
                  207.44                      -6.6416554
                   207.7                      -6.7647044
               207.96001                      -6.8913615
                  208.22                      -7.0216851
                  208.48                      -7.1557481
               208.74001                      -7.2936811
                     209                      -7.4356807
               209.25999                      -7.5819774
                  209.52                      -7.7327868
                  209.78                      -7.8882707
               210.03999                      -8.0485486
                   210.3                      -8.2137381
                  210.56                      -8.3840135
               210.82001                      -8.5596255
                  211.08                      -8.7408718
                  211.34                      -8.9280331
               211.60001                      -9.1213172
                  211.86                      -9.3208487
                  212.12                      -9.5267118
                  212.38                      -9.7390117
                  212.64                      -9.9579049
               212.89999                      -10.183548
                  213.16                      -10.415995
                  213.42                      -10.655079
               213.67999                      -10.900342
                  213.94                      -11.151073
                   214.2                      -11.406409
               214.46001                      -11.665445
                  214.72                      -11.927275
                  214.98                      -12.190921
               215.24001                      -12.455166
                   215.5                      -12.718385
               215.75999                      -12.978418
                  216.02                      -13.232537
                  216.28                      -13.477463
               216.53999                        -13.7094
                   216.8                      -13.924072
                  217.06                      -14.116799
               217.32001                      -14.282688
                  217.58                      -14.416961
                  217.84                      -14.515386
               218.10001                      -14.574675
                  218.36                      -14.592748
                  218.62                      -14.568822
                  218.88                      -14.503404
                  219.14                      -14.398229
               219.39999                      -14.256185
                  219.66                      -14.081159
                  219.92                      -13.877744
               220.17999                      -13.650831
                  220.44                      -13.405214
                   220.7                      -13.145299
               220.96001                      -12.874993
                  221.22                      -12.597734
                  221.48                       -12.31655
               221.74001                      -12.034081
                     222                      -11.752552
               222.25999                      -11.473721
                  222.52                      -11.198886
                  222.78                      -10.928962
               223.03999                      -10.664607
                   223.3                      -10.406334
                  223.56                      -10.154568
               223.82001                      -9.9096319
                  224.08                      -9.6717098
                  224.34                      -9.4408158
               224.60001                      -9.2168364
                  224.86                      -8.9995889
                  225.12                      -8.7889042
                  225.38                      -8.5846552
                  225.64                      -8.3867403
               225.89999                       -8.195034
                  226.16                      -8.0093434
                  226.42                      -7.8294158
               226.67999                      -7.6549724
                  226.94                      -7.4857705
                   227.2                      -7.3216337
               227.46001                      -7.1624388
                  227.72                      -7.0080755
                  227.98                      -6.8583963
               228.24001                      -6.7132055
                   228.5                      -6.5722858
               228.75999                      -6.4354421
                  229.02                      -6.3025388
                  229.28                      -6.1734974
               229.53999                      -6.0482629
                   229.8                      -5.9267576
                  230.06                      -5.8088587
               230.32001                      -5.6944096
                  230.58                      -5.5832638
                  230.84                      -5.4753175
               231.10001                      -5.3705212
                  231.36                       -5.268856
                  231.62                      -5.1702874
                  231.88                      -5.0747416
                  232.14                      -4.9821021
               232.39999                       -4.892247
                  232.66                      -4.8050878
                  232.92                      -4.7205827
               233.17999                       -4.638724
                  233.44                         -4.5595
                   233.7                      -4.4828619
               233.96001                      -4.4087168
                  234.22                      -4.3369509
                  234.48                      -4.2674764
               234.74001                      -4.2002498
                     235                      -4.1352687
               235.25999                      -4.0725383
                  235.52                       -4.012033
                  235.78                       -3.953677
               236.03999                      -3.8973692
                   236.3                      -3.8430114
                  236.56                      -3.7905489
               236.82001                      -3.7399737
                  237.08                      -3.6912966
                  237.34                      -3.6445109
               237.60001                      -3.5995657
                  237.86                      -3.5563729
                  238.12                      -3.5148378
                  238.38                       -3.474899
                  238.64                      -3.4365415
               238.89999                      -3.3997818
                  239.16                      -3.3646271
                  239.42                      -3.3310497
               239.67999                      -3.2989763
                  239.94                      -3.2683188
                   240.2                      -3.2390131
               240.46001                      -3.2110371
                  240.72                      -3.1844099
                  240.98                      -3.1591552
               241.24001                      -3.1352629
                   241.5                      -3.1126812
               241.75999                      -3.0913297
                  242.02                      -3.0711435
                  242.28                      -3.0520953
               242.53999                      -3.0342027
                   242.8                       -3.017501
                  243.06                      -3.0020019
               243.32001                      -2.9876729
                  243.58                      -2.9744461
                  243.84                      -2.9622554
               244.10001                      -2.9510689
                  244.36                       -2.940902
                  244.62                      -2.9317955
                  244.88                      -2.9237836
                  245.14                      -2.9168516
               245.39999                       -2.910948
                  245.66                      -2.9060087
                  245.92                      -2.9019942
               246.17999                      -2.8989161
                  246.44                      -2.8968225
                   246.7                      -2.8957582
               246.96001                       -2.895735
                  247.22                      -2.8967175
                  247.48                      -2.8986425
               247.74001                      -2.9014714
                     248                      -2.9052053
               248.25999                      -2.9098927
                  248.52                       -2.915596
                  248.78                      -2.9223453
               249.03999                      -2.9301245
                   249.3                      -2.9388815
                  249.56                      -2.9485716
               249.82001                      -2.9591889
                  250.08                      -2.9707831
                  250.34                      -2.9834234
               250.60001                      -2.9971635
                  250.86                      -3.0120096
                  251.12                      -3.0279219
                  251.38                      -3.0448554
                  251.64                      -3.0627962
               251.89999                      -3.0817894
                  252.16                      -3.1019147
                  252.42                      -3.1232463
               252.67999                      -3.1458154
                  252.94                      -3.1695984
                   253.2                      -3.1945557
               253.46001                      -3.2206685
                  253.72                      -3.2479754
                  253.98                      -3.2765619
               254.24001                      -3.3065247
                   254.5                       -3.337922
               254.75999                      -3.3707562
                  255.02                      -3.4049945
                  255.28                      -3.4406177
               255.53999                      -3.4776587
                   255.8                      -3.5162079
                  256.06                      -3.5563832
               256.32001                      -3.5982771
               256.57999                      -3.6419188
                  256.84                      -3.6872974
               257.10001                       -3.734395
               257.35999                      -3.7832426
                  257.62                      -3.8339354
                  257.88                      -3.8866122
               258.14001                      -3.9414024
               258.39999                      -3.9983784
                  258.66                      -4.0575564
               258.92001                      -4.1189305
               259.17999                      -4.1825339
                  259.44                      -4.2484692
               259.70001                       -4.316902
               259.95999                      -4.3880028
                  260.22                      -4.4619006
               260.48001                      -4.5386521
               260.73999                      -4.6182815
                     261                      -4.7008321
               261.26001                       -4.786422
               261.51999                       -4.875247
                  261.78                      -4.9675381
               262.04001                        -5.06349
               262.29999                      -5.1632338
                  262.56                      -5.2668391
               262.82001                      -5.3743849
               263.07999                      -5.4860174
                  263.34                      -5.6019823
               263.60001                      -5.7225865
               263.85999                       -5.848132
                  264.12                      -5.9788521
                  264.38                      -6.1149108
               264.64001                      -6.2564549
               264.89999                      -6.4036996
                  265.16                      -6.5569718
               265.42001                      -6.7167014
               265.67999                      -6.8833509
                  265.94                      -7.0573337
               266.20001                       -7.238986
               266.45999                      -7.4286074
                  266.72                      -7.6265574
               266.98001                      -7.8333356
               267.23999                       -8.049598
                   267.5                      -8.2761024
               267.76001                      -8.5136034
               268.01999                      -8.7627998
                  268.28                      -9.0243479
               268.54001                      -9.2989764
               268.79999                      -9.5876062
                  269.06                      -9.8914269
               269.32001                      -10.211867
               269.57999                      -10.550498
                  269.84                      -10.908943
               270.10001                      -11.288883
               270.35999                      -11.692188
                  270.62                      -12.121135
                  270.88                      -12.578612
               271.14001                      -13.068215
               271.39999                      -13.594257
                  271.66                      -14.161744
               271.92001                      -14.776506
               272.17999                      -15.445561
                  272.44                      -16.177806
               272.70001                      -16.984975
               272.95999                      -17.882886
                  273.22                      -18.893099
               273.48001                      -20.045566
               273.73999                      -21.383464
                     274                       -22.97281
               274.26001                      -24.922953
               274.51999                      -27.434813
                  274.78                      -30.932233
               275.04001                      -36.429066
               275.29999                      -41.493394
                  275.56                      -34.688143
               275.82001                      -29.848536
               276.07999                      -26.661279
                  276.34                       -24.31602
               276.60001                      -22.467753
               276.85999                      -20.945148
                  277.12                      -19.651872
                  277.38                      -18.529017
               277.64001                      -17.538293
               277.89999                      -16.653453
                  278.16                      -15.855501
               278.42001                       -15.12997
               278.67999                      -14.465461
                  278.94                      -13.852924
               279.20001                      -13.285269
               279.45999                      -12.757039
                  279.72                      -12.263982
               279.98001                      -11.802606
               280.23999                      -11.369815
                   280.5                      -10.962736
               280.76001                      -10.578741
               281.01999                      -10.215579
                  281.28                      -9.8714627
               281.54001                      -9.5450339
               281.79999                      -9.2351926
                  282.06                      -8.9408921
               282.32001                      -8.6610202
               282.57999                      -8.3944081
                  282.84                      -8.1399637
               283.10001                      -7.8968051
               283.35999                      -7.6643078
                  283.62                      -7.4420342
                  283.88                      -7.2295745
               284.14001                      -7.0264236
               284.39999                      -6.8319539
                  284.66                      -6.6455005
               284.92001                      -6.4665017
               285.17999                      -6.2945849
                  285.44                      -6.1295472
               285.70001                      -5.9712402
               285.95999                      -5.8194412
                  286.22                      -5.6737928
               286.48001                      -5.5338463
               286.73999                      -5.3991866
                     287                      -5.2695405
               287.26001                      -5.1447974
               287.51999                      -5.0249366
                  287.78                      -4.9098937
               288.04001                      -4.7994784
               288.29999                      -4.6933843
                  288.56                      -4.5912821
               288.82001                      -4.4929428
               289.07999                       -4.398297
                  289.34                      -4.3073823
               289.60001                      -4.2202419
               289.85999                      -4.1368084
                  290.12                      -4.0568832
                  290.38                       -3.980207
               290.64001                      -3.9065749
               290.89999                      -3.8359289
                  291.16                      -3.7683394
               291.42001                      -3.7039156
               291.67999                      -3.6426864
                  291.94                      -3.5845387
               292.20001                      -3.5292638
               292.45999                      -3.4766601
                  292.72                      -3.4266372
               292.98001                      -3.3792407
               293.23999                      -3.3345658
                   293.5                      -3.2926383
               293.76001                      -3.2533159
               294.01999                      -3.2162839
                  294.28                      -3.1811388
               294.54001                      -3.1474828
               294.79999                      -3.1149566
                  295.06                       -3.083163
               295.32001                      -3.0515254
               295.57999                      -3.0191549
                  295.84                      -2.9848064
               296.10001                      -2.9469702
               296.35999                      -2.9040405
                  296.62                       -2.854511
                  296.88                      -2.7971267
               297.14001                       -2.731013
               297.39999                      -2.6558071
                  297.66                      -2.5718088
               297.92001                      -2.4801242
               298.17999                      -2.3826992
                  298.44                      -2.2821674
               298.70001                      -2.1814814
               298.95999                      -2.0834512
                  299.22                      -1.9903175
               299.48001                      -1.9035291
               299.73999                      -1.8237587
                     300                       -1.751105

